run;iterations;problem;ants;OptSolution;totaltime

 10; 50; 1; 8192; 3800.00; 3.06656
 10; 50; 1; 8192; 3800.00; 2.85035
 10; 50; 1; 8192; 3800.00; 3.01525
 10; 50; 1; 8192; 3800.00; 2.97953
 10; 50; 1; 8192; 3800.00; 3.13042
 10; 50; 1; 8192; 3800.00; 2.81305
 10; 50; 1; 8192; 3800.00; 2.83278
 10; 50; 1; 8192; 3800.00; 2.80047
 10; 50; 1; 8192; 3800.00; 3.10346
 10; 50; 1; 8192; 3800.00; 2.91892
 10; 50; 1; 4096; 3800.00; 1.54742
 10; 50; 1; 4096; 3800.00; 1.47173
 10; 50; 1; 4096; 3800.00; 1.51902
 10; 50; 1; 4096; 3800.00; 1.56022
 10; 50; 1; 4096; 3800.00; 1.53042
 10; 50; 1; 4096; 3800.00; 1.56277
 10; 50; 1; 4096; 3800.00; 1.52256
 10; 50; 1; 4096; 3800.00; 1.51439
 10; 50; 1; 4096; 3800.00; 1.54676
 10; 50; 1; 4096; 3800.00; 1.49705
 10; 50; 1; 2048; 3800.00; 0.79343
 10; 50; 1; 2048; 3800.00; 0.78822
 10; 50; 1; 2048; 3800.00; 0.77366
 10; 50; 1; 2048; 3800.00; 0.71005
 10; 50; 1; 2048; 3800.00; 0.80167
 10; 50; 1; 2048; 3800.00; 0.79436
 10; 50; 1; 2048; 3800.00; 0.79566
 10; 50; 1; 2048; 3800.00; 0.79310
 10; 50; 1; 2048; 3800.00; 0.77853
 10; 50; 1; 2048; 3800.00; 0.71120
 10; 50; 1; 1024; 3800.00; 0.40166
 10; 50; 1; 1024; 3800.00; 0.37794
 10; 50; 1; 1024; 3800.00; 0.41351
 10; 50; 1; 1024; 3800.00; 0.41026
 10; 50; 1; 1024; 3800.00; 0.41252
 10; 50; 1; 1024; 3800.00; 0.40922
 10; 50; 1; 1024; 3800.00; 0.39023
 10; 50; 1; 1024; 3800.00; 0.36787
 10; 50; 1; 1024; 3800.00; 0.36622
 10; 50; 1; 1024; 3800.00; 0.34649
 10; 50; 3; 8192; 4015.00; 2.84799
 10; 50; 3; 8192; 4015.00; 2.82799
 10; 50; 3; 8192; 4015.00; 2.83533
 10; 50; 3; 8192; 4015.00; 2.85428
 10; 50; 3; 8192; 4015.00; 2.88109
 10; 50; 3; 8192; 4015.00; 2.87229
 10; 50; 3; 8192; 4015.00; 2.88147
 10; 50; 3; 8192; 4015.00; 2.95279
 10; 50; 3; 8192; 4015.00; 2.89481
 10; 50; 3; 8192; 4015.00; 2.85412
 10; 50; 3; 4096; 4015.00; 1.49701
 10; 50; 3; 4096; 4015.00; 1.50033
 10; 50; 3; 4096; 4015.00; 1.48889
 10; 50; 3; 4096; 4015.00; 1.50951
 10; 50; 3; 4096; 4015.00; 1.50569
 10; 50; 3; 4096; 4015.00; 1.48182
 10; 50; 3; 4096; 4015.00; 1.52049
 10; 50; 3; 4096; 4015.00; 1.48581
 10; 50; 3; 4096; 4015.00; 1.50411
 10; 50; 3; 4096; 4015.00; 1.50635
 10; 50; 3; 2048; 4015.00; 0.83002
 10; 50; 3; 2048; 4015.00; 0.82897
 10; 50; 3; 2048; 4015.00; 0.82118
 10; 50; 3; 2048; 4015.00; 0.82222
 10; 50; 3; 2048; 4015.00; 0.84151
 10; 50; 3; 2048; 4015.00; 0.82068
 10; 50; 3; 2048; 4015.00; 0.83495
 10; 50; 3; 2048; 4015.00; 0.84029
 10; 50; 3; 2048; 4015.00; 0.83890
 10; 50; 3; 2048; 4015.00; 0.83684
 10; 50; 3; 1024; 4015.00; 0.47537
 10; 50; 3; 1024; 4015.00; 0.44784
 10; 50; 3; 1024; 4015.00; 0.43693
 10; 50; 3; 1024; 4015.00; 0.43992
 10; 50; 3; 1024; 4015.00; 0.42581
 10; 50; 3; 1024; 4015.00; 0.42922
 10; 50; 3; 1024; 4015.00; 0.42769
 10; 50; 3; 1024; 4015.00; 0.42534
 10; 50; 3; 1024; 4015.00; 0.42044
 10; 50; 3; 1024; 4015.00; 0.42343
 10; 50; 4; 8192; 6120.00; 2.74260
 10; 50; 4; 8192; 6120.00; 2.95472
 10; 50; 4; 8192; 6120.00; 3.18812
 10; 50; 4; 8192; 6120.00; 3.20222
 10; 50; 4; 8192; 6120.00; 3.19534
 10; 50; 4; 8192; 6120.00; 3.21221
 10; 50; 4; 8192; 6120.00; 3.18987
 10; 50; 4; 8192; 6120.00; 3.03411
 10; 50; 4; 8192; 6120.00; 3.16887
 10; 50; 4; 8192; 6120.00; 3.13166
 10; 50; 4; 4096; 6120.00; 1.69435
 10; 50; 4; 4096; 6120.00; 1.65807
 10; 50; 4; 4096; 6120.00; 1.73811
 10; 50; 4; 4096; 6120.00; 1.75433
 10; 50; 4; 4096; 6120.00; 1.75612
 10; 50; 4; 4096; 6120.00; 1.73427
 10; 50; 4; 4096; 6120.00; 1.67386
 10; 50; 4; 4096; 6120.00; 1.68566
 10; 50; 4; 4096; 6120.00; 1.70438
 10; 50; 4; 4096; 6120.00; 1.67777
 10; 50; 4; 2048; 6120.00; 0.96060
 10; 50; 4; 2048; 6120.00; 0.99287
 10; 50; 4; 2048; 6120.00; 0.99612
 10; 50; 4; 2048; 6120.00; 0.97783
 10; 50; 4; 2048; 6120.00; 0.93738
 10; 50; 4; 2048; 6120.00; 0.94147
 10; 50; 4; 2048; 6120.00; 0.98029
 10; 50; 4; 2048; 6120.00; 0.97458
 10; 50; 4; 2048; 6120.00; 0.95492
 10; 50; 4; 2048; 6120.00; 0.99579
 10; 50; 4; 1024; 6120.00; 0.53685
 10; 50; 4; 1024; 6120.00; 0.49045
 10; 50; 4; 1024; 6120.00; 0.52127
 10; 50; 4; 1024; 6120.00; 0.47885
 10; 50; 4; 1024; 6120.00; 0.46818
 10; 50; 4; 1024; 6120.00; 0.46403
 10; 50; 4; 1024; 6120.00; 0.46469
 10; 50; 4; 1024; 6120.00; 0.46703
 10; 50; 4; 1024; 6120.00; 0.46406
 10; 50; 4; 1024; 6120.00; 0.46729
 10; 50; 5; 8192; 12400.00; 2.97871
 10; 50; 5; 8192; 12400.00; 3.12162
 10; 50; 5; 8192; 12400.00; 3.14676
 10; 50; 5; 8192; 12400.00; 3.08655
 10; 50; 5; 8192; 12400.00; 3.11871
 10; 50; 5; 8192; 12400.00; 3.46627
 10; 50; 5; 8192; 12400.00; 3.13994
 10; 50; 5; 8192; 12400.00; 3.09620
 10; 50; 5; 8192; 12400.00; 3.12392
 10; 50; 5; 8192; 12400.00; 3.12357
 10; 50; 5; 4096; 12400.00; 1.82506
 10; 50; 5; 4096; 12400.00; 1.87466
 10; 50; 5; 4096; 12400.00; 1.88964
 10; 50; 5; 4096; 12400.00; 1.92745
 10; 50; 5; 4096; 12400.00; 1.87816
 10; 50; 5; 4096; 12400.00; 1.91901
 10; 50; 5; 4096; 12400.00; 1.88652
 10; 50; 5; 4096; 12400.00; 1.73117
 10; 50; 5; 4096; 12400.00; 1.67137
 10; 50; 5; 4096; 12400.00; 1.65883
 10; 50; 5; 2048; 12400.00; 1.02252
 10; 50; 5; 2048; 12400.00; 1.01473
 10; 50; 5; 2048; 12400.00; 1.05163
 10; 50; 5; 2048; 12400.00; 1.05321
 10; 50; 5; 2048; 12400.00; 1.07428
 10; 50; 5; 2048; 12400.00; 1.08823
 10; 50; 5; 2048; 12400.00; 1.07682
 10; 50; 5; 2048; 12400.00; 1.03661
 10; 50; 5; 2048; 12400.00; 1.07742
 10; 50; 5; 2048; 12400.00; 1.08175
 10; 50; 5; 1024; 12400.00; 0.71258
 10; 50; 5; 1024; 12400.00; 0.69449
 10; 50; 5; 1024; 12400.00; 0.71771
 10; 50; 5; 1024; 12400.00; 0.71452
 10; 50; 5; 1024; 12400.00; 0.69303
 10; 50; 5; 1024; 12400.00; 0.70583
 10; 50; 5; 1024; 12400.00; 0.69354
 10; 50; 5; 1024; 12400.00; 0.71838
 10; 50; 5; 1024; 12400.00; 0.71116
 10; 50; 5; 1024; 12400.00; 0.68953
 10; 50; 6; 8192; 10618.00; 3.07844
 10; 50; 6; 8192; 10618.00; 3.11408
 10; 50; 6; 8192; 10618.00; 3.38450
 10; 50; 6; 8192; 10618.00; 3.45952
 10; 50; 6; 8192; 10618.00; 3.59307
 10; 50; 6; 8192; 10618.00; 3.66685
 10; 50; 6; 8192; 10618.00; 3.71490
 10; 50; 6; 8192; 10618.00; 3.73954
 10; 50; 6; 8192; 10618.00; 3.42820
 10; 50; 6; 8192; 10618.00; 3.41607
 10; 50; 6; 4096; 10618.00; 1.94358
 10; 50; 6; 4096; 10602.00; 2.00665
 10; 50; 6; 4096; 10604.00; 1.98580
 10; 50; 6; 4096; 10601.00; 1.97714
 10; 50; 6; 4096; 10618.00; 1.96255
 10; 50; 6; 4096; 10604.00; 1.96830
 10; 50; 6; 4096; 10618.00; 1.95457
 10; 50; 6; 4096; 10618.00; 1.99036
 10; 50; 6; 4096; 10618.00; 1.94766
 10; 50; 6; 4096; 10618.00; 1.92456
 10; 50; 6; 2048; 10618.00; 1.27549
 10; 50; 6; 2048; 10618.00; 1.22892
 10; 50; 6; 2048; 10618.00; 1.28045
 10; 50; 6; 2048; 10618.00; 1.28632
 10; 50; 6; 2048; 10588.00; 1.27051
 10; 50; 6; 2048; 10618.00; 1.25215
 10; 50; 6; 2048; 10601.00; 1.25003
 10; 50; 6; 2048; 10618.00; 1.28169
 10; 50; 6; 2048; 10605.00; 1.27964
 10; 50; 6; 2048; 10618.00; 1.26028
 10; 50; 6; 1024; 10586.00; 0.92903
 10; 50; 6; 1024; 10618.00; 0.91847
 10; 50; 6; 1024; 10618.00; 0.92601
 10; 50; 6; 1024; 10601.00; 0.92779
 10; 50; 6; 1024; 10604.00; 0.91079
 10; 50; 6; 1024; 10586.00; 0.89474
 10; 50; 6; 1024; 10589.00; 0.89628
 10; 50; 6; 1024; 10588.00; 0.89155
 10; 50; 6; 1024; 10618.00; 0.88870
 10; 50; 6; 1024; 10618.00; 0.89956
 10; 50; 7; 8192; 16481.00; 3.56790
 10; 50; 7; 8192; 16495.00; 3.72602
 10; 50; 7; 8192; 16503.00; 3.73082
 10; 50; 7; 8192; 16499.00; 3.71121
 10; 50; 7; 8192; 16485.00; 3.82138
 10; 50; 7; 8192; 16490.00; 3.68230
 10; 50; 7; 8192; 16515.00; 3.68417
 10; 50; 7; 8192; 16494.00; 3.51669
 10; 50; 7; 8192; 16470.00; 3.57402
 10; 50; 7; 8192; 16482.00; 3.68880
 10; 50; 7; 4096; 16506.00; 2.27568
 10; 50; 7; 4096; 16506.00; 2.29791
 10; 50; 7; 4096; 16481.00; 2.29822
 10; 50; 7; 4096; 16457.00; 2.29800
 10; 50; 7; 4096; 16480.00; 2.30393
 10; 50; 7; 4096; 16478.00; 2.27525
 10; 50; 7; 4096; 16479.00; 2.28812
 10; 50; 7; 4096; 16441.00; 2.31773
 10; 50; 7; 4096; 16499.00; 2.22319
 10; 50; 7; 4096; 16475.00; 2.18050
 10; 50; 7; 2048; 16496.00; 1.60322
 10; 50; 7; 2048; 16494.00; 1.59738
 10; 50; 7; 2048; 16481.00; 1.59833
 10; 50; 7; 2048; 16443.00; 1.59817
 10; 50; 7; 2048; 16494.00; 1.58173
 10; 50; 7; 2048; 16443.00; 1.59425
 10; 50; 7; 2048; 16469.00; 1.60146
 10; 50; 7; 2048; 16476.00; 1.60757
 10; 50; 7; 2048; 16445.00; 1.58134
 10; 50; 7; 2048; 16467.00; 1.59348
 10; 50; 7; 1024; 16458.00; 1.23455
 10; 50; 7; 1024; 16448.00; 1.23981
 10; 50; 7; 1024; 16466.00; 1.22871
 10; 50; 7; 1024; 16469.00; 1.24480
 10; 50; 7; 1024; 16493.00; 1.24298
 10; 50; 7; 1024; 16447.00; 1.23328
 10; 50; 7; 1024; 16433.00; 1.23939
 10; 50; 7; 1024; 16448.00; 1.23706
 10; 50; 7; 1024; 16469.00; 1.23544
 10; 50; 7; 1024; 16463.00; 1.22081