run;iterations;problem;ants;OptSolution;totaltime

 10; 50; 1; 8192; 3800.00; 2.95268
 10; 50; 1; 8192; 3800.00; 3.03915
 10; 50; 1; 8192; 3800.00; 3.02297
 10; 50; 1; 8192; 3800.00; 2.94525
 10; 50; 1; 8192; 3800.00; 3.09560
 10; 50; 1; 8192; 3800.00; 3.00707
 10; 50; 1; 8192; 3800.00; 3.03398
 10; 50; 1; 8192; 3800.00; 3.04414
 10; 50; 1; 8192; 3800.00; 3.04768
 10; 50; 1; 8192; 3800.00; 2.96826
 10; 50; 1; 4096; 3800.00; 1.50376
 10; 50; 1; 4096; 3800.00; 1.56762
 10; 50; 1; 4096; 3800.00; 1.54391
 10; 50; 1; 4096; 3800.00; 1.53346
 10; 50; 1; 4096; 3800.00; 1.52464
 10; 50; 1; 4096; 3800.00; 1.55748
 10; 50; 1; 4096; 3800.00; 1.52831
 10; 50; 1; 4096; 3800.00; 1.49882
 10; 50; 1; 4096; 3800.00; 1.51229
 10; 50; 1; 4096; 3800.00; 1.46788
 10; 50; 1; 2048; 3800.00; 0.80345
 10; 50; 1; 2048; 3800.00; 0.78946
 10; 50; 1; 2048; 3800.00; 0.73042
 10; 50; 1; 2048; 3800.00; 0.77431
 10; 50; 1; 2048; 3800.00; 0.79308
 10; 50; 1; 2048; 3800.00; 0.79402
 10; 50; 1; 2048; 3800.00; 0.79092
 10; 50; 1; 2048; 3800.00; 0.79163
 10; 50; 1; 2048; 3800.00; 0.76436
 10; 50; 1; 2048; 3800.00; 0.80370
 10; 50; 1; 1024; 3800.00; 0.37420
 10; 50; 1; 1024; 3800.00; 0.40409
 10; 50; 1; 1024; 3800.00; 0.40574
 10; 50; 1; 1024; 3800.00; 0.40757
 10; 50; 1; 1024; 3800.00; 0.40641
 10; 50; 1; 1024; 3800.00; 0.40808
 10; 50; 1; 1024; 3800.00; 0.38118
 10; 50; 1; 1024; 3800.00; 0.36273
 10; 50; 1; 1024; 3800.00; 0.36567
 10; 50; 1; 1024; 3800.00; 0.36368
 10; 50; 3; 8192; 4015.00; 2.90289
 10; 50; 3; 8192; 4015.00; 2.88585
 10; 50; 3; 8192; 4015.00; 2.90854
 10; 50; 3; 8192; 4015.00; 2.88391
 10; 50; 3; 8192; 4015.00; 2.89394
 10; 50; 3; 8192; 4015.00; 2.91456
 10; 50; 3; 8192; 4015.00; 2.90266
 10; 50; 3; 8192; 4015.00; 2.93488
 10; 50; 3; 8192; 4015.00; 3.16209
 10; 50; 3; 8192; 4015.00; 3.12888
 10; 50; 3; 4096; 4015.00; 1.65002
 10; 50; 3; 4096; 4015.00; 1.65953
 10; 50; 3; 4096; 4015.00; 1.64549
 10; 50; 3; 4096; 4015.00; 1.62154
 10; 50; 3; 4096; 4015.00; 1.63293
 10; 50; 3; 4096; 4015.00; 1.68025
 10; 50; 3; 4096; 4015.00; 1.64940
 10; 50; 3; 4096; 4015.00; 1.66709
 10; 50; 3; 4096; 4015.00; 1.66062
 10; 50; 3; 4096; 4015.00; 1.68141
 10; 50; 3; 2048; 4015.00; 0.90513
 10; 50; 3; 2048; 4015.00; 0.90378
 10; 50; 3; 2048; 4015.00; 0.89648
 10; 50; 3; 2048; 4015.00; 0.85078
 10; 50; 3; 2048; 4015.00; 0.83267
 10; 50; 3; 2048; 4015.00; 0.82791
 10; 50; 3; 2048; 4015.00; 0.83130
 10; 50; 3; 2048; 4015.00; 0.84035
 10; 50; 3; 2048; 4015.00; 0.82259
 10; 50; 3; 2048; 4015.00; 0.82287
 10; 50; 3; 1024; 4015.00; 0.48013
 10; 50; 3; 1024; 4015.00; 0.44816
 10; 50; 3; 1024; 4015.00; 0.43362
 10; 50; 3; 1024; 4015.00; 0.44064
 10; 50; 3; 1024; 4015.00; 0.42660
 10; 50; 3; 1024; 4015.00; 0.42324
 10; 50; 3; 1024; 4015.00; 0.41954
 10; 50; 3; 1024; 4015.00; 0.42363
 10; 50; 3; 1024; 4015.00; 0.41788
 10; 50; 3; 1024; 4015.00; 0.42060
 10; 50; 4; 8192; 6120.00; 2.84638
 10; 50; 4; 8192; 6120.00; 2.86136
 10; 50; 4; 8192; 6120.00; 2.85010
 10; 50; 4; 8192; 6120.00; 2.85168
 10; 50; 4; 8192; 6120.00; 3.18544
 10; 50; 4; 8192; 6120.00; 3.29600
 10; 50; 4; 8192; 6120.00; 3.10620
 10; 50; 4; 8192; 6120.00; 3.28047
 10; 50; 4; 8192; 6120.00; 3.24766
 10; 50; 4; 8192; 6120.00; 3.20916
 10; 50; 4; 4096; 6120.00; 1.79139
 10; 50; 4; 4096; 6120.00; 1.75602
 10; 50; 4; 4096; 6120.00; 1.77530
 10; 50; 4; 4096; 6120.00; 1.77780
 10; 50; 4; 4096; 6120.00; 1.70134
 10; 50; 4; 4096; 6120.00; 1.76558
 10; 50; 4; 4096; 6120.00; 1.74458
 10; 50; 4; 4096; 6120.00; 1.80341
 10; 50; 4; 4096; 6120.00; 1.79538
 10; 50; 4; 4096; 6120.00; 1.67639
 10; 50; 4; 2048; 6120.00; 0.95817
 10; 50; 4; 2048; 6120.00; 1.01516
 10; 50; 4; 2048; 6120.00; 0.95541
 10; 50; 4; 2048; 6120.00; 1.01820
 10; 50; 4; 2048; 6120.00; 1.00422
 10; 50; 4; 2048; 6120.00; 1.00672
 10; 50; 4; 2048; 6120.00; 0.96335
 10; 50; 4; 2048; 6120.00; 1.01208
 10; 50; 4; 2048; 6120.00; 1.01372
 10; 50; 4; 2048; 6120.00; 1.00520
 10; 50; 4; 1024; 6120.00; 0.56403
 10; 50; 4; 1024; 6120.00; 0.52545
 10; 50; 4; 1024; 6120.00; 0.52636
 10; 50; 4; 1024; 6120.00; 0.52697
 10; 50; 4; 1024; 6120.00; 0.51780
 10; 50; 4; 1024; 6120.00; 0.50543
 10; 50; 4; 1024; 6120.00; 0.53346
 10; 50; 4; 1024; 6120.00; 0.52713
 10; 50; 4; 1024; 6120.00; 0.52130
 10; 50; 4; 1024; 6120.00; 0.51554
 10; 50; 5; 8192; 12400.00; 2.90432
 10; 50; 5; 8192; 12400.00; 3.41420
 10; 50; 5; 8192; 12400.00; 3.09259
 10; 50; 5; 8192; 12400.00; 3.09493
 10; 50; 5; 8192; 12400.00; 3.09103
 10; 50; 5; 8192; 12400.00; 3.29183
 10; 50; 5; 8192; 12400.00; 3.46636
 10; 50; 5; 8192; 12400.00; 3.47882
 10; 50; 5; 8192; 12400.00; 3.44000
 10; 50; 5; 8192; 12400.00; 3.48739
 10; 50; 5; 4096; 12400.00; 1.93992
 10; 50; 5; 4096; 12400.00; 1.94257
 10; 50; 5; 4096; 12400.00; 1.95142
 10; 50; 5; 4096; 12400.00; 1.91048
 10; 50; 5; 4096; 12400.00; 1.90973
 10; 50; 5; 4096; 12400.00; 1.88903
 10; 50; 5; 4096; 12400.00; 1.90921
 10; 50; 5; 4096; 12400.00; 1.90837
 10; 50; 5; 4096; 12400.00; 1.92916
 10; 50; 5; 4096; 12400.00; 1.90935
 10; 50; 5; 2048; 12400.00; 1.05273
 10; 50; 5; 2048; 12400.00; 1.07398
 10; 50; 5; 2048; 12400.00; 1.05652
 10; 50; 5; 2048; 12400.00; 1.01052
 10; 50; 5; 2048; 12400.00; 1.02649
 10; 50; 5; 2048; 12400.00; 1.07023
 10; 50; 5; 2048; 12400.00; 1.06825
 10; 50; 5; 2048; 12400.00; 1.06132
 10; 50; 5; 2048; 12400.00; 1.05517
 10; 50; 5; 2048; 12400.00; 1.04154
 10; 50; 5; 1024; 12400.00; 0.67845
 10; 50; 5; 1024; 12400.00; 0.70914
 10; 50; 5; 1024; 12400.00; 0.70532
 10; 50; 5; 1024; 12400.00; 0.68774
 10; 50; 5; 1024; 12400.00; 0.70094
 10; 50; 5; 1024; 12400.00; 0.70530
 10; 50; 5; 1024; 12400.00; 0.69127
 10; 50; 5; 1024; 12400.00; 0.68604
 10; 50; 5; 1024; 12400.00; 0.69144
 10; 50; 5; 1024; 12400.00; 0.67340
 10; 50; 6; 8192; 10618.00; 3.45564
 10; 50; 6; 8192; 10618.00; 3.68220
 10; 50; 6; 8192; 10618.00; 3.70979
 10; 50; 6; 8192; 10605.00; 3.84276
 10; 50; 6; 8192; 10618.00; 3.71753
 10; 50; 6; 8192; 10618.00; 3.75019
 10; 50; 6; 8192; 10618.00; 3.77365
 10; 50; 6; 8192; 10618.00; 3.73179
 10; 50; 6; 8192; 10618.00; 3.72824
 10; 50; 6; 8192; 10618.00; 3.75966
 10; 50; 6; 4096; 10618.00; 2.05814
 10; 50; 6; 4096; 10618.00; 1.95435
 10; 50; 6; 4096; 10600.00; 1.89079
 10; 50; 6; 4096; 10618.00; 1.99191
 10; 50; 6; 4096; 10618.00; 1.92425
 10; 50; 6; 4096; 10618.00; 1.98624
 10; 50; 6; 4096; 10605.00; 1.95592
 10; 50; 6; 4096; 10618.00; 1.90013
 10; 50; 6; 4096; 10618.00; 2.02283
 10; 50; 6; 4096; 10618.00; 1.92702
 10; 50; 6; 2048; 10618.00; 1.23380
 10; 50; 6; 2048; 10618.00; 1.26642
 10; 50; 6; 2048; 10618.00; 1.26604
 10; 50; 6; 2048; 10618.00; 1.23964
 10; 50; 6; 2048; 10601.00; 1.24502
 10; 50; 6; 2048; 10618.00; 1.27700
 10; 50; 6; 2048; 10618.00; 1.24846
 10; 50; 6; 2048; 10605.00; 1.28295
 10; 50; 6; 2048; 10601.00; 1.24119
 10; 50; 6; 2048; 10618.00; 1.25044
 10; 50; 6; 1024; 10618.00; 0.90676
 10; 50; 6; 1024; 10589.00; 0.90469
 10; 50; 6; 1024; 10618.00; 0.87893
 10; 50; 6; 1024; 10604.00; 0.91622
 10; 50; 6; 1024; 10601.00; 0.89849
 10; 50; 6; 1024; 10588.00; 0.88805
 10; 50; 6; 1024; 10618.00; 0.91093
 10; 50; 6; 1024; 10605.00; 0.89971
 10; 50; 6; 1024; 10588.00; 0.87546
 10; 50; 6; 1024; 10605.00; 0.88883
 10; 50; 7; 8192; 16487.00; 3.46967
 10; 50; 7; 8192; 16494.00; 3.42214
 10; 50; 7; 8192; 16470.00; 3.45483
 10; 50; 7; 8192; 16472.00; 3.43984
 10; 50; 7; 8192; 16475.00; 3.66765
 10; 50; 7; 8192; 16466.00; 3.77497
 10; 50; 7; 8192; 16496.00; 3.76975
 10; 50; 7; 8192; 16494.00; 3.46083
 10; 50; 7; 8192; 16500.00; 3.47611
 10; 50; 7; 8192; 16475.00; 3.46320
 10; 50; 7; 4096; 16499.00; 2.13594
 10; 50; 7; 4096; 16454.00; 2.14976
 10; 50; 7; 4096; 16466.00; 2.13860
 10; 50; 7; 4096; 16494.00; 2.15269
 10; 50; 7; 4096; 16491.00; 2.14864
 10; 50; 7; 4096; 16447.00; 2.13867
 10; 50; 7; 4096; 16505.00; 2.15568
 10; 50; 7; 4096; 16456.00; 2.27456
 10; 50; 7; 4096; 16470.00; 2.16905
 10; 50; 7; 4096; 16504.00; 2.14734
 10; 50; 7; 2048; 16469.00; 1.50695
 10; 50; 7; 2048; 16474.00; 1.50329
 10; 50; 7; 2048; 16460.00; 1.50682
 10; 50; 7; 2048; 16482.00; 1.49554
 10; 50; 7; 2048; 16444.00; 1.50461
 10; 50; 7; 2048; 16473.00; 1.51030
 10; 50; 7; 2048; 16499.00; 1.51575
 10; 50; 7; 2048; 16445.00; 1.56310
 10; 50; 7; 2048; 16439.00; 1.57287
 10; 50; 7; 2048; 16459.00; 1.59781
 10; 50; 7; 1024; 16445.00; 1.23297
 10; 50; 7; 1024; 16439.00; 1.22341
 10; 50; 7; 1024; 16405.00; 1.21944
 10; 50; 7; 1024; 16425.00; 1.23699
 10; 50; 7; 1024; 16457.00; 1.22685
 10; 50; 7; 1024; 16465.00; 1.23255
 10; 50; 7; 1024; 16432.00; 1.23067
 10; 50; 7; 1024; 16470.00; 1.21278
 10; 50; 7; 1024; 16432.00; 1.22555
 10; 50; 7; 1024; 16442.00; 1.23758