run;iterations;problem;ants;OptSolution;totaltime

 10; 50; 1; 1024; 3800; 0.12563
 10; 50; 1; 1024; 3800; 0.05617
 10; 50; 1; 1024; 3800; 0.05599
 10; 50; 1; 1024; 3800; 0.05598
 10; 50; 1; 1024; 3800; 0.05596
 10; 50; 1; 1024; 3800; 0.05584
 10; 50; 1; 1024; 3800; 0.05591
 10; 50; 1; 1024; 3800; 0.05587
 10; 50; 1; 1024; 3800; 0.05589
 10; 50; 1; 1024; 3800; 0.05587
 10; 50; 1; 2048; 3800; 0.07517
 10; 50; 1; 2048; 3800; 0.07531
 10; 50; 1; 2048; 3800; 0.07487
 10; 50; 1; 2048; 3800; 0.07582
 10; 50; 1; 2048; 3800; 0.07498
 10; 50; 1; 2048; 3800; 0.07528
 10; 50; 1; 2048; 3800; 0.07476
 10; 50; 1; 2048; 3800; 0.07491
 10; 50; 1; 2048; 3800; 0.07448
 10; 50; 1; 2048; 3800; 0.07497
 10; 50; 1; 4096; 3800; 0.11384
 10; 50; 1; 4096; 3800; 0.11411
 10; 50; 1; 4096; 3800; 0.11365
 10; 50; 1; 4096; 3800; 0.11363
 10; 50; 1; 4096; 3800; 0.11363
 10; 50; 1; 4096; 3800; 0.11358
 10; 50; 1; 4096; 3800; 0.11389
 10; 50; 1; 4096; 3800; 0.11351
 10; 50; 1; 4096; 3800; 0.11370
 10; 50; 1; 4096; 3800; 0.11384
 10; 50; 1; 8192; 3800; 0.19494
 10; 50; 1; 8192; 3800; 0.19505
 10; 50; 1; 8192; 3800; 0.19825
 10; 50; 1; 8192; 3800; 0.19553
 10; 50; 1; 8192; 3800; 0.19533
 10; 50; 1; 8192; 3800; 0.19544
 10; 50; 1; 8192; 3800; 0.19464
 10; 50; 1; 8192; 3800; 0.19459
 10; 50; 1; 8192; 3800; 0.19470
 10; 50; 1; 8192; 3800; 0.19469
 10; 50; 3; 1024; 4015; 0.26001
 10; 50; 3; 1024; 4015; 0.23316
 10; 50; 3; 1024; 4015; 0.23307
 10; 50; 3; 1024; 4015; 0.23301
 10; 50; 3; 1024; 4015; 0.23284
 10; 50; 3; 1024; 4015; 0.23238
 10; 50; 3; 1024; 4015; 0.23204
 10; 50; 3; 1024; 4015; 0.23239
 10; 50; 3; 1024; 4015; 0.23276
 10; 50; 3; 1024; 4015; 0.23304
 10; 50; 3; 2048; 4015; 0.25324
 10; 50; 3; 2048; 4015; 0.25321
 10; 50; 3; 2048; 4015; 0.25335
 10; 50; 3; 2048; 4015; 0.25347
 10; 50; 3; 2048; 4015; 0.25367
 10; 50; 3; 2048; 4015; 0.25329
 10; 50; 3; 2048; 4015; 0.25335
 10; 50; 3; 2048; 4015; 0.25339
 10; 50; 3; 2048; 4015; 0.25358
 10; 50; 3; 2048; 4015; 0.25313
 10; 50; 3; 4096; 4015; 0.30932
 10; 50; 3; 4096; 4015; 0.30905
 10; 50; 3; 4096; 4015; 0.30903
 10; 50; 3; 4096; 4015; 0.30902
 10; 50; 3; 4096; 4015; 0.30945
 10; 50; 3; 4096; 4015; 0.30860
 10; 50; 3; 4096; 4015; 0.30878
 10; 50; 3; 4096; 4015; 0.30841
 10; 50; 3; 4096; 4015; 0.30891
 10; 50; 3; 4096; 4015; 0.30881
 10; 50; 3; 8192; 4015; 0.53678
 10; 50; 3; 8192; 4015; 0.53726
 10; 50; 3; 8192; 4015; 0.53760
 10; 50; 3; 8192; 4015; 0.53801
 10; 50; 3; 8192; 4015; 0.53757
 10; 50; 3; 8192; 4015; 0.53767
 10; 50; 3; 8192; 4015; 0.53779
 10; 50; 3; 8192; 4015; 0.53761
 10; 50; 3; 8192; 4015; 0.53826
 10; 50; 3; 8192; 4015; 0.53738
 10; 50; 4; 1024; 6120; 0.38561
 10; 50; 4; 1024; 6120; 0.37702
 10; 50; 4; 1024; 6120; 0.37843
 10; 50; 4; 1024; 6120; 0.37861
 10; 50; 4; 1024; 6120; 0.37785
 10; 50; 4; 1024; 6120; 0.37805
 10; 50; 4; 1024; 6120; 0.37720
 10; 50; 4; 1024; 6120; 0.37869
 10; 50; 4; 1024; 6120; 0.37739
 10; 50; 4; 1024; 6120; 0.37818
 10; 50; 4; 2048; 6120; 0.40098
 10; 50; 4; 2048; 6120; 0.40025
 10; 50; 4; 2048; 6120; 0.40089
 10; 50; 4; 2048; 6120; 0.39808
 10; 50; 4; 2048; 6120; 0.39892
 10; 50; 4; 2048; 6120; 0.40030
 10; 50; 4; 2048; 6120; 0.40017
 10; 50; 4; 2048; 6120; 0.40000
 10; 50; 4; 2048; 6120; 0.39999
 10; 50; 4; 2048; 6120; 0.39934
 10; 50; 4; 4096; 6120; 0.47858
 10; 50; 4; 4096; 6120; 0.47819
 10; 50; 4; 4096; 6120; 0.47815
 10; 50; 4; 4096; 6120; 0.47774
 10; 50; 4; 4096; 6120; 0.47814
 10; 50; 4; 4096; 6120; 0.47742
 10; 50; 4; 4096; 6120; 0.47848
 10; 50; 4; 4096; 6120; 0.47559
 10; 50; 4; 4096; 6120; 0.47726
 10; 50; 4; 4096; 6120; 0.47605
 10; 50; 4; 8192; 6120; 0.83144
 10; 50; 4; 8192; 6120; 0.83275
 10; 50; 4; 8192; 6120; 0.82857
 10; 50; 4; 8192; 6120; 0.83351
 10; 50; 4; 8192; 6120; 0.83062
 10; 50; 4; 8192; 6120; 0.83381
 10; 50; 4; 8192; 6120; 0.83071
 10; 50; 4; 8192; 6120; 0.83233
 10; 50; 4; 8192; 6120; 0.82990
 10; 50; 4; 8192; 6120; 0.83119
 10; 50; 5; 1024; 12400; 0.72951
 10; 50; 5; 1024; 12400; 0.72039
 10; 50; 5; 1024; 12400; 0.72123
 10; 50; 5; 1024; 12400; 0.72110
 10; 50; 5; 1024; 12400; 0.72171
 10; 50; 5; 1024; 12400; 0.72157
 10; 50; 5; 1024; 12400; 0.72148
 10; 50; 5; 1024; 12400; 0.72089
 10; 50; 5; 1024; 12400; 0.72017
 10; 50; 5; 1024; 12400; 0.72210
 10; 50; 5; 2048; 12400; 0.74478
 10; 50; 5; 2048; 12400; 0.74456
 10; 50; 5; 2048; 12400; 0.74512
 10; 50; 5; 2048; 12400; 0.74498
 10; 50; 5; 2048; 12400; 0.74307
 10; 50; 5; 2048; 12400; 0.74394
 10; 50; 5; 2048; 12400; 0.74338
 10; 50; 5; 2048; 12400; 0.74398
 10; 50; 5; 2048; 12400; 0.74332
 10; 50; 5; 2048; 12400; 0.74281
 10; 50; 5; 4096; 12400; 0.91775
 10; 50; 5; 4096; 12400; 0.91760
 10; 50; 5; 4096; 12400; 0.91741
 10; 50; 5; 4096; 12400; 0.91473
 10; 50; 5; 4096; 12400; 0.91529
 10; 50; 5; 4096; 12400; 0.91496
 10; 50; 5; 4096; 12400; 0.91309
 10; 50; 5; 4096; 12400; 0.91760
 10; 50; 5; 4096; 12400; 0.91486
 10; 50; 5; 4096; 12400; 0.91561
 10; 50; 5; 8192; 12400; 1.62221
 10; 50; 5; 8192; 12400; 1.61975
 10; 50; 5; 8192; 12400; 1.62286
 10; 50; 5; 8192; 12400; 1.62019
 10; 50; 5; 8192; 12400; 1.62204
 10; 50; 5; 8192; 12400; 1.62234
 10; 50; 5; 8192; 12400; 1.62605
 10; 50; 5; 8192; 12400; 1.62148
 10; 50; 5; 8192; 12400; 1.61928
 10; 50; 5; 8192; 12400; 1.62500
