run; iterations; problem; colony size; Fitness; Total Time 

 ACO - Begin Of Execution
 run;	iter;	prob;	col size;	Fitness;	Total Time ;
 0;	50;	7;	1024;		16471.000000,	2.579415 ;
 1;	50;	7;	1024;		16483.000000,	0.590582 ;
 2;	50;	7;	1024;		16483.000000,	0.591425 ;
 3;	50;	7;	1024;		16495.000000,	0.595293 ;
 4;	50;	7;	1024;		16495.000000,	0.597943 ;
 5;	50;	7;	1024;		16476.000000,	0.612731 ;
 6;	50;	7;	1024;		16511.000000,	0.592057 ;
 7;	50;	7;	1024;		16511.000000,	0.591729 ;
 8;	50;	7;	1024;		16469.000000,	0.597000 ;
 9;	50;	7;	1024;		16469.000000,	0.597610 ;
 0;	50;	7;	2048;		16537.000000,	0.605903 ;
 1;	50;	7;	2048;		16486.000000,	0.605437 ;
 2;	50;	7;	2048;		16486.000000,	0.606090 ;
 3;	50;	7;	2048;		16494.000000,	0.610329 ;
 4;	50;	7;	2048;		16494.000000,	0.610712 ;
 5;	50;	7;	2048;		16481.000000,	0.604345 ;
 6;	50;	7;	2048;		16469.000000,	0.620909 ;
 7;	50;	7;	2048;		16469.000000,	0.621161 ;
 8;	50;	7;	2048;		16518.000000,	0.608930 ;
 9;	50;	7;	2048;		16474.000000,	0.615063 ;
 0;	50;	7;	4096;		16521.000000,	0.638339 ;
 1;	50;	7;	4096;		16511.000000,	0.629207 ;
 2;	50;	7;	4096;		16511.000000,	0.627061 ;
 3;	50;	7;	4096;		16521.000000,	0.623833 ;
 4;	50;	7;	4096;		16516.000000,	0.632634 ;
 5;	50;	7;	4096;		16516.000000,	0.631127 ;
 6;	50;	7;	4096;		16518.000000,	0.630708 ;
 7;	50;	7;	4096;		16519.000000,	0.633568 ;
 8;	50;	7;	4096;		16519.000000,	0.635018 ;
 9;	50;	7;	4096;		16504.000000,	0.625907 ;
 0;	50;	7;	8192;		16521.000000,	0.877649 ;
 1;	50;	7;	8192;		16518.000000,	0.882869 ;
 2;	50;	7;	8192;		16501.000000,	0.878347 ;
 3;	50;	7;	8192;		16519.000000,	0.903185 ;
 4;	50;	7;	8192;		16517.000000,	0.875570 ;
 5;	50;	7;	8192;		16537.000000,	0.880099 ;
 6;	50;	7;	8192;		16518.000000,	0.893583 ;
 7;	50;	7;	8192;		16519.000000,	0.891685 ;
 8;	50;	7;	8192;		16504.000000,	0.846927 ;
 9;	50;	7;	8192;		16504.000000,	0.845578 ;
 End Of Execution 

 ACO - Begin Of Execution
 run;	iter;	prob;	col size;	Fitness;	Total Time ;
 0;	50;	6;	1024;		10589.000000,	2.350781 ;
 1;	50;	6;	1024;		10605.000000,	0.365643 ;
 2;	50;	6;	1024;		10605.000000,	0.365408 ;
 3;	50;	6;	1024;		10604.000000,	0.363420 ;
 4;	50;	6;	1024;		10604.000000,	0.363067 ;
 5;	50;	6;	1024;		10604.000000,	0.361530 ;
 6;	50;	6;	1024;		10618.000000,	0.357944 ;
 7;	50;	6;	1024;		10618.000000,	0.357623 ;
 8;	50;	6;	1024;		10618.000000,	0.358132 ;
 9;	50;	6;	1024;		10601.000000,	0.360995 ;
 0;	50;	6;	2048;		10585.000000,	0.370635 ;
 1;	50;	6;	2048;		10585.000000,	0.370209 ;
 2;	50;	6;	2048;		10618.000000,	0.361991 ;
 3;	50;	6;	2048;		10618.000000,	0.362442 ;
 4;	50;	6;	2048;		10601.000000,	0.368956 ;
 5;	50;	6;	2048;		10601.000000,	0.369075 ;
 6;	50;	6;	2048;		10601.000000,	0.367946 ;
 7;	50;	6;	2048;		10587.000000,	0.378911 ;
 8;	50;	6;	2048;		10587.000000,	0.379188 ;
 9;	50;	6;	2048;		10587.000000,	0.378491 ;
 0;	50;	6;	4096;		10618.000000,	0.382691 ;
 1;	50;	6;	4096;		10618.000000,	0.383354 ;
 2;	50;	6;	4096;		10588.000000,	0.388418 ;
 3;	50;	6;	4096;		10588.000000,	0.390139 ;
 4;	50;	6;	4096;		10588.000000,	0.389806 ;
 5;	50;	6;	4096;		10586.000000,	0.379454 ;
 6;	50;	6;	4096;		10586.000000,	0.380993 ;
 7;	50;	6;	4096;		10586.000000,	0.379780 ;
 8;	50;	6;	4096;		10618.000000,	0.386702 ;
 9;	50;	6;	4096;		10618.000000,	0.386413 ;
 0;	50;	6;	8192;		10618.000000,	0.557810 ;
 1;	50;	6;	8192;		10618.000000,	0.557542 ;
 2;	50;	6;	8192;		10618.000000,	0.548215 ;
 3;	50;	6;	8192;		10618.000000,	0.549903 ;
 4;	50;	6;	8192;		10618.000000,	0.560422 ;
 5;	50;	6;	8192;		10618.000000,	0.560019 ;
 6;	50;	6;	8192;		10618.000000,	0.549561 ;
 7;	50;	6;	8192;		10618.000000,	0.557345 ;
 8;	50;	6;	8192;		10618.000000,	0.558692 ;
 9;	50;	6;	8192;		10618.000000,	0.560790 ;
 End Of Execution 

 ACO - Begin Of Execution
 run;	iter;	prob;	col size;	Fitness;	Total Time ;
 0;	50;	5;	1024;		12400.000000,	2.230457 ;
 1;	50;	5;	1024;		12400.000000,	0.257330 ;
 2;	50;	5;	1024;		12400.000000,	0.257282 ;
 3;	50;	5;	1024;		12400.000000,	0.262004 ;
 4;	50;	5;	1024;		12400.000000,	0.259253 ;
 5;	50;	5;	1024;		12400.000000,	0.253021 ;
 6;	50;	5;	1024;		12400.000000,	0.254060 ;
 7;	50;	5;	1024;		12400.000000,	0.254321 ;
 8;	50;	5;	1024;		12400.000000,	0.261928 ;
 9;	50;	5;	1024;		12400.000000,	0.254889 ;
 0;	50;	5;	2048;		12400.000000,	0.266657 ;
 1;	50;	5;	2048;		12400.000000,	0.269806 ;
 2;	50;	5;	2048;		12400.000000,	0.271261 ;
 3;	50;	5;	2048;		12400.000000,	0.258154 ;
 4;	50;	5;	2048;		12400.000000,	0.261745 ;
 5;	50;	5;	2048;		12400.000000,	0.254778 ;
 6;	50;	5;	2048;		12400.000000,	0.259222 ;
 7;	50;	5;	2048;		12400.000000,	0.256493 ;
 8;	50;	5;	2048;		12400.000000,	0.262097 ;
 9;	50;	5;	2048;		12400.000000,	0.254531 ;
 0;	50;	5;	4096;		12400.000000,	0.276976 ;
 1;	50;	5;	4096;		12400.000000,	0.277209 ;
 2;	50;	5;	4096;		12400.000000,	0.277940 ;
 3;	50;	5;	4096;		12400.000000,	0.278448 ;
 4;	50;	5;	4096;		12400.000000,	0.280017 ;
 5;	50;	5;	4096;		12400.000000,	0.280734 ;
 6;	50;	5;	4096;		12400.000000,	0.280147 ;
 7;	50;	5;	4096;		12400.000000,	0.278470 ;
 8;	50;	5;	4096;		12400.000000,	0.277141 ;
 9;	50;	5;	4096;		12400.000000,	0.277133 ;
 0;	50;	5;	8192;		12400.000000,	0.393080 ;
 1;	50;	5;	8192;		12400.000000,	0.392896 ;
 2;	50;	5;	8192;		12400.000000,	0.392405 ;
 3;	50;	5;	8192;		12400.000000,	0.391095 ;
 4;	50;	5;	8192;		12400.000000,	0.391956 ;
 5;	50;	5;	8192;		12400.000000,	0.391273 ;
 6;	50;	5;	8192;		12400.000000,	0.395280 ;
 7;	50;	5;	8192;		12400.000000,	0.394563 ;
 8;	50;	5;	8192;		12400.000000,	0.395404 ;
 9;	50;	5;	8192;		12400.000000,	0.394831 ;
 End Of Execution 

 ACO - Begin Of Execution
 run;	iter;	prob;	col size;	Fitness;	Total Time ;
 0;	50;	4;	1024;		6120.000000,	2.076006 ;
 1;	50;	4;	1024;		6120.000000,	0.149550 ;
 2;	50;	4;	1024;		6120.000000,	0.122755 ;
 3;	50;	4;	1024;		6120.000000,	0.123512 ;
 4;	50;	4;	1024;		6120.000000,	0.118279 ;
 5;	50;	4;	1024;		6120.000000,	0.121144 ;
 6;	50;	4;	1024;		6120.000000,	0.119907 ;
 7;	50;	4;	1024;		6120.000000,	0.121215 ;
 8;	50;	4;	1024;		6120.000000,	0.118215 ;
 9;	50;	4;	1024;		6120.000000,	0.122435 ;
 0;	50;	4;	2048;		6120.000000,	0.128607 ;
 1;	50;	4;	2048;		6120.000000,	0.128058 ;
 2;	50;	4;	2048;		6120.000000,	0.128317 ;
 3;	50;	4;	2048;		6120.000000,	0.128633 ;
 4;	50;	4;	2048;		6120.000000,	0.127960 ;
 5;	50;	4;	2048;		6120.000000,	0.132666 ;
 6;	50;	4;	2048;		6120.000000,	0.130008 ;
 7;	50;	4;	2048;		6120.000000,	0.129141 ;
 8;	50;	4;	2048;		6120.000000,	0.130123 ;
 9;	50;	4;	2048;		6120.000000,	0.128172 ;
 0;	50;	4;	4096;		6120.000000,	0.141576 ;
 1;	50;	4;	4096;		6120.000000,	0.137938 ;
 2;	50;	4;	4096;		6120.000000,	0.139834 ;
 3;	50;	4;	4096;		6120.000000,	0.139266 ;
 4;	50;	4;	4096;		6120.000000,	0.138904 ;
 5;	50;	4;	4096;		6120.000000,	0.138290 ;
 6;	50;	4;	4096;		6120.000000,	0.137811 ;
 7;	50;	4;	4096;		6120.000000,	0.139601 ;
 8;	50;	4;	4096;		6120.000000,	0.137575 ;
 9;	50;	4;	4096;		6120.000000,	0.139115 ;
 0;	50;	4;	8192;		6120.000000,	0.201188 ;
 1;	50;	4;	8192;		6120.000000,	0.203724 ;
 2;	50;	4;	8192;		6120.000000,	0.203387 ;
 3;	50;	4;	8192;		6120.000000,	0.205756 ;
 4;	50;	4;	8192;		6120.000000,	0.204526 ;
 5;	50;	4;	8192;		6120.000000,	0.202399 ;
 6;	50;	4;	8192;		6120.000000,	0.201335 ;
 7;	50;	4;	8192;		6120.000000,	0.203619 ;
 8;	50;	4;	8192;		6120.000000,	0.203012 ;
 9;	50;	4;	8192;		6120.000000,	0.202706 ;
 End Of Execution 

 ACO - Begin Of Execution
 run;	iter;	prob;	col size;	Fitness;	Total Time ;
 0;	50;	3;	1024;		4015.000000,	2.008992 ;
 1;	50;	3;	1024;		4015.000000,	0.108022 ;
 2;	50;	3;	1024;		4015.000000,	0.097513 ;
 3;	50;	3;	1024;		4015.000000,	0.081261 ;
 4;	50;	3;	1024;		4015.000000,	0.086005 ;
 5;	50;	3;	1024;		4015.000000,	0.081141 ;
 6;	50;	3;	1024;		4015.000000,	0.083903 ;
 7;	50;	3;	1024;		4015.000000,	0.081249 ;
 8;	50;	3;	1024;		4015.000000,	0.084577 ;
 9;	50;	3;	1024;		4015.000000,	0.081431 ;
 0;	50;	3;	2048;		4015.000000,	0.087793 ;
 1;	50;	3;	2048;		4015.000000,	0.089480 ;
 2;	50;	3;	2048;		4015.000000,	0.088030 ;
 3;	50;	3;	2048;		4015.000000,	0.092074 ;
 4;	50;	3;	2048;		4015.000000,	0.088217 ;
 5;	50;	3;	2048;		4015.000000,	0.087555 ;
 6;	50;	3;	2048;		4015.000000,	0.090411 ;
 7;	50;	3;	2048;		4015.000000,	0.087625 ;
 8;	50;	3;	2048;		4015.000000,	0.087594 ;
 9;	50;	3;	2048;		4015.000000,	0.090543 ;
 0;	50;	3;	4096;		4015.000000,	0.101931 ;
 1;	50;	3;	4096;		4015.000000,	0.103086 ;
 2;	50;	3;	4096;		4015.000000,	0.098982 ;
 3;	50;	3;	4096;		4015.000000,	0.104281 ;
 4;	50;	3;	4096;		4015.000000,	0.104846 ;
 5;	50;	3;	4096;		4015.000000,	0.105084 ;
 6;	50;	3;	4096;		4015.000000,	0.099429 ;
 7;	50;	3;	4096;		4015.000000,	0.103706 ;
 8;	50;	3;	4096;		4015.000000,	0.103933 ;
 9;	50;	3;	4096;		4015.000000,	0.103730 ;
 0;	50;	3;	8192;		4015.000000,	0.154038 ;
 1;	50;	3;	8192;		4015.000000,	0.152630 ;
 2;	50;	3;	8192;		4015.000000,	0.143820 ;
 3;	50;	3;	8192;		4015.000000,	0.143878 ;
 4;	50;	3;	8192;		4015.000000,	0.144093 ;
 5;	50;	3;	8192;		4015.000000,	0.143665 ;
 6;	50;	3;	8192;		4015.000000,	0.144121 ;
 7;	50;	3;	8192;		4015.000000,	0.144057 ;
 8;	50;	3;	8192;		4015.000000,	0.144184 ;
 9;	50;	3;	8192;		4015.000000,	0.148627 ;
 End Of Execution 

 ACO - Begin Of Execution
 run;	iter;	prob;	col size;	Fitness;	Total Time ;
 0;	50;	1;	1024;		3800.000000,	1.922998 ;
 1;	50;	1;	1024;		3800.000000,	0.021164 ;
 2;	50;	1;	1024;		3800.000000,	0.021137 ;
 3;	50;	1;	1024;		3800.000000,	0.021171 ;
 4;	50;	1;	1024;		3800.000000,	0.019772 ;
 5;	50;	1;	1024;		3800.000000,	0.018757 ;
 6;	50;	1;	1024;		3800.000000,	0.018909 ;
 7;	50;	1;	1024;		3800.000000,	0.018770 ;
 8;	50;	1;	1024;		3800.000000,	0.018938 ;
 9;	50;	1;	1024;		3800.000000,	0.018754 ;
 0;	50;	1;	2048;		3800.000000,	0.025282 ;
 1;	50;	1;	2048;		3800.000000,	0.025362 ;
 2;	50;	1;	2048;		3800.000000,	0.025265 ;
 3;	50;	1;	2048;		3800.000000,	0.024513 ;
 4;	50;	1;	2048;		3800.000000,	0.021521 ;
 5;	50;	1;	2048;		3800.000000,	0.021426 ;
 6;	50;	1;	2048;		3800.000000,	0.021401 ;
 7;	50;	1;	2048;		3800.000000,	0.021542 ;
 8;	50;	1;	2048;		3800.000000,	0.021406 ;
 9;	50;	1;	2048;		3800.000000,	0.021392 ;
 0;	50;	1;	4096;		3800.000000,	0.032810 ;
 1;	50;	1;	4096;		3800.000000,	0.032788 ;
 2;	50;	1;	4096;		3800.000000,	0.032657 ;
 3;	50;	1;	4096;		3800.000000,	0.032759 ;
 4;	50;	1;	4096;		3800.000000,	0.032847 ;
 5;	50;	1;	4096;		3800.000000,	0.032676 ;
 6;	50;	1;	4096;		3800.000000,	0.032792 ;
 7;	50;	1;	4096;		3800.000000,	0.032775 ;
 8;	50;	1;	4096;		3800.000000,	0.032844 ;
 9;	50;	1;	4096;		3800.000000,	0.032992 ;
 0;	50;	1;	8192;		3800.000000,	0.058264 ;
 1;	50;	1;	8192;		3800.000000,	0.058227 ;
 2;	50;	1;	8192;		3800.000000,	0.058389 ;
 3;	50;	1;	8192;		3800.000000,	0.058417 ;
 4;	50;	1;	8192;		3800.000000,	0.058246 ;
 5;	50;	1;	8192;		3800.000000,	0.058595 ;
 6;	50;	1;	8192;		3800.000000,	0.058507 ;
 7;	50;	1;	8192;		3800.000000,	0.058095 ;
 8;	50;	1;	8192;		3800.000000,	0.058633 ;
 9;	50;	1;	8192;		3800.000000,	0.058885 ;
 End Of Execution 
