Runs; Iterations;Problem;ants;BestSequence;RouteDistance;Time;

1;15;1;1024;0.00356;0.01145;0.00006;0.00083;0.00213;0.00014;0.00002;0.00003;8239.45343;0.22244; 
2;15;1;1024;0.00207;0.00029;0.00006;0.00082;0.00210;0.00014;0.00002;0.00003;9671.82109;0.18935; 
3;15;1;1024;0.00230;0.00035;0.00005;0.00082;0.00215;0.00014;0.00002;0.00004;9525.98620;0.20817; 
4;15;1;1024;0.00236;0.00033;0.00005;0.00082;0.00214;0.00014;0.00002;0.00004;9566.59463;0.20888; 
5;15;1;1024;0.00233;0.00030;0.00005;0.00082;0.00219;0.00014;0.00002;0.00004;9563.72108;0.20493; 
6;15;1;1024;0.00343;0.00047;0.00007;0.00083;0.00230;0.00015;0.00003;0.00004;9125.25292;0.22192; 
7;15;1;1024;0.00229;0.00033;0.00005;0.00082;0.00214;0.00014;0.00002;0.00004;9607.26392;0.20882; 
8;15;1;1024;0.00229;0.00033;0.00005;0.00082;0.00210;0.00014;0.00002;0.00004;9870.72746;0.20824; 
9;15;1;1024;0.00250;0.00028;0.00005;0.00082;0.00213;0.00014;0.00002;0.00003;8594.57103;0.23442; 
10;15;1;1024;0.00164;0.00022;0.00004;0.00082;0.00212;0.00014;0.00002;0.00003;8927.49757;0.15496; 
1;15;1;2048;0.00367;0.00052;0.00008;0.00083;0.00214;0.00015;0.00004;0.00005;9415.72422;0.21772; 
2;15;1;2048;0.00351;0.00046;0.00007;0.00083;0.00214;0.00015;0.00004;0.00004;9105.23549;0.22109; 
3;15;1;2048;0.00168;0.00022;0.00004;0.00082;0.00195;0.00014;0.00002;0.00003;8759.14507;0.19053; 
4;15;1;2048;0.00234;0.00031;0.00005;0.00082;0.00196;0.00014;0.00003;0.00004;9231.61900;0.19844; 
5;15;1;2048;0.00237;0.00032;0.00005;0.00082;0.00196;0.00014;0.00003;0.00004;8710.49195;0.20592; 
6;15;1;2048;0.00228;0.00031;0.00005;0.00082;0.00197;0.00014;0.00003;0.00004;9067.25834;0.23160; 
7;15;1;2048;0.00239;0.00032;0.00005;0.00082;0.00197;0.00015;0.00003;0.00004;9637.91638;0.21955; 
8;15;1;2048;0.00238;0.00032;0.00005;0.00082;0.00197;0.00014;0.00003;0.00004;9506.52840;0.20515; 
9;15;1;2048;0.00241;0.00034;0.00005;0.00082;0.00197;0.00014;0.00003;0.00004;9211.07406;0.20472; 
10;15;1;2048;0.00277;0.00039;0.00006;0.00083;0.00205;0.00015;0.00003;0.00004;9209.81966;0.23117; 
1;15;1;4096;0.00333;0.00042;0.00007;0.00083;0.00215;0.00015;0.00004;0.00004;9462.84832;0.21283; 
2;15;1;4096;0.00253;0.00033;0.00005;0.00082;0.00199;0.00014;0.00003;0.00004;9494.26465;0.20570; 
3;15;1;4096;0.00252;0.00033;0.00005;0.00082;0.00199;0.00014;0.00003;0.00004;9480.90931;0.20611; 
4;15;1;4096;0.00307;0.00039;0.00006;0.00083;0.00208;0.00015;0.00003;0.00004;9082.12689;0.23667; 
5;15;1;4096;0.00314;0.00040;0.00006;0.00083;0.00207;0.00015;0.00003;0.00004;9299.97405;0.23083; 
6;15;1;4096;0.00257;0.00032;0.00005;0.00082;0.00199;0.00014;0.00003;0.00004;8586.53129;0.20692; 
7;15;1;4096;0.00336;0.00042;0.00007;0.00083;0.00216;0.00015;0.00004;0.00004;9353.22929;0.21547; 
8;15;1;4096;0.00254;0.00033;0.00005;0.00082;0.00199;0.00014;0.00003;0.00004;9165.22245;0.20300; 
9;15;1;4096;0.00259;0.00032;0.00006;0.00082;0.00199;0.00014;0.00003;0.00004;9468.25055;0.20750; 
10;15;1;4096;0.00253;0.00032;0.00005;0.00082;0.00199;0.00014;0.00003;0.00004;8831.06522;0.20068; 
1;15;1;8192;0.00418;0.00029;0.00004;0.00082;0.00274;0.00019;0.00002;0.00003;9091.85081;0.22236; 
2;15;1;8192;0.00490;0.00032;0.00005;0.00082;0.00274;0.00019;0.00003;0.00003;8400.35059;0.20969; 
3;15;1;8192;0.00497;0.00033;0.00005;0.00082;0.00274;0.00019;0.00003;0.00004;8871.33957;0.22179; 
4;15;1;8192;0.00497;0.00032;0.00005;0.00082;0.00274;0.00019;0.00003;0.00004;8959.08366;0.21990; 
5;15;1;8192;0.00440;0.00027;0.00004;0.00082;0.00274;0.00019;0.00002;0.00003;8704.44223;0.22301; 
6;15;1;8192;0.00409;0.00026;0.00004;0.00082;0.00274;0.00019;0.00002;0.00003;8999.84709;0.20363; 
7;15;1;8192;0.00700;0.00044;0.00007;0.00083;0.00291;0.00019;0.00004;0.00004;9304.60574;0.23602; 
8;15;1;8192;0.00495;0.00032;0.00005;0.00082;0.00275;0.00019;0.00003;0.00003;8781.42469;0.21749; 
9;15;1;8192;0.00448;0.00029;0.00004;0.00082;0.00274;0.00019;0.00002;0.00003;8570.79213;0.22936; 
10;15;1;8192;0.00499;0.00032;0.00005;0.00082;0.00275;0.00019;0.00003;0.00004;9117.78797;0.21175; 
1;15;2;1024;0.03849;0.04237;0.00006;0.32897;
2;15;2;1024;0.03706;0.01189;0.00006;0.32903;
3;15;2;1024;0.04291;0.01436;0.00007;0.32909;
4;15;2;1024;0.03719;0.01184;0.00006;0.32911;
5;15;2;1024;0.03570;0.01242;0.00009;0.32898;
6;15;2;1024;0.03839;0.01178;0.00006;0.32898;
7;15;2;1024;0.03658;0.01128;0.00006;0.32912;
8;15;2;1024;0.03110;0.01017;0.00005;0.32914;
9;15;2;1024;0.03773;0.01227;0.00007;0.32901;
10;15;2;1024;0.03379;0.01069;0.00006;0.32910;
1;15;2;2048;0.04143;0.01084;0.00006;0.32903;
2;15;2;2048;0.05671;0.01372;0.00007;0.32900;
3;15;2;2048;0.06252;0.01549;0.00007;0.32916;
4;15;2;2048;0.03672;0.00986;0.00006;0.32903;
5;15;2;2048;0.04548;0.01123;0.00006;0.32906;
6;15;2;2048;0.04754;0.01143;0.00007;0.32903;
7;15;2;2048;0.04517;0.01223;0.00006;0.32899;
8;15;2;2048;0.05043;0.01155;0.00006;0.32905;
9;15;2;2048;0.04244;0.01138;0.00006;0.32910;
10;15;2;2048;0.04824;0.01128;0.00006;0.32901;
1;15;2;4096;0.05374;0.01009;0.00005;0.32903;
2;15;2;4096;0.06013;0.01213;0.00006;0.32916;
3;15;2;4096;0.06496;0.01099;0.00006;0.32909;
4;15;2;4096;0.05331;0.00983;0.00005;0.32902;
5;15;2;4096;0.06034;0.01215;0.00006;0.32901;
6;15;2;4096;0.06075;0.01213;0.00006;0.32902;
7;15;2;4096;0.06476;0.01097;0.00006;0.32911;
8;15;2;4096;0.06372;0.01069;0.00006;0.32899;
9;15;2;4096;0.06534;0.01088;0.00006;0.32898;
10;15;2;4096;0.06697;0.01212;0.00006;0.32915;
1;15;2;8192;0.09436;0.01035;0.00006;0.32920;
2;15;2;8192;0.11554;0.01225;0.00006;0.32900;
3;15;2;8192;0.09444;0.01037;0.00006;0.32912;
4;15;2;8192;0.10169;0.01227;0.00006;0.32919;
5;15;2;8192;0.09639;0.01035;0.00006;0.32915;
6;15;2;8192;0.09511;0.01224;0.00006;0.32902;
7;15;2;8192;0.10013;0.01084;0.00006;0.32902;
8;15;2;8192;0.11194;0.01172;0.00006;0.32903;
9;15;2;8192;0.08561;0.01031;0.00006;0.32902;
10;15;2;8192;0.09425;0.01032;0.00006;0.32906;
1;15;3;1024;0.00335;0.02148;0.00004;0.01293;0.03229;0.00091;0.00002;0.00016;16914.80835;0.68894; 
2;15;3;1024;0.00458;0.00091;0.00005;0.01293;0.03229;0.00090;0.00002;0.00016;17211.29831;0.68273; 
3;15;3;1024;0.00450;0.00096;0.00005;0.01293;0.03245;0.00091;0.00002;0.00017;16858.06531;0.70924; 
4;15;3;1024;0.00469;0.00095;0.00005;0.01293;0.03233;0.00090;0.00002;0.00016;16279.96008;0.69025; 
5;15;3;1024;0.00336;0.00067;0.00004;0.01293;0.03226;0.00090;0.00002;0.00016;16767.42346;0.64005; 
6;15;3;1024;0.00471;0.00093;0.00005;0.01293;0.03226;0.00090;0.00002;0.00016;16683.77685;0.68887; 
7;15;3;1024;0.00453;0.00089;0.00005;0.01294;0.03226;0.00090;0.00002;0.00016;16873.57020;0.71443; 
8;15;3;1024;0.00422;0.00086;0.00004;0.01294;0.03232;0.00090;0.00002;0.00016;16064.03798;0.67676; 
9;15;3;1024;0.00423;0.00081;0.00004;0.01293;0.03227;0.00091;0.00003;0.00017;16477.23981;0.68140; 
10;15;3;1024;0.00424;0.00083;0.00004;0.01293;0.03231;0.00090;0.00002;0.00016;17177.54636;0.67194; 
1;15;3;2048;0.00708;0.00089;0.00005;0.01294;0.03266;0.00091;0.00003;0.00017;17100.96149;0.66481; 
2;15;3;2048;0.00767;0.00095;0.00005;0.01294;0.03256;0.00090;0.00002;0.00016;16804.55615;0.69721; 
3;15;3;2048;0.00549;0.00068;0.00004;0.01293;0.03241;0.00090;0.00002;0.00016;16686.26847;0.67616; 
4;15;3;2048;0.00760;0.00093;0.00005;0.01294;0.03256;0.00090;0.00002;0.00016;16662.23739;0.70085; 
5;15;3;2048;0.00782;0.00078;0.00004;0.01293;0.03244;0.00090;0.00002;0.00017;16941.58071;0.70872; 
6;15;3;2048;0.00768;0.00095;0.00005;0.01293;0.03258;0.00090;0.00002;0.00016;16527.74126;0.69740; 
7;15;3;2048;0.00786;0.00085;0.00006;0.01294;0.03262;0.00091;0.00003;0.00017;16648.58597;0.68497; 
8;15;3;2048;0.00768;0.00094;0.00005;0.01293;0.03257;0.00090;0.00002;0.00016;16851.08862;0.69629; 
9;15;3;2048;0.00614;0.00074;0.00004;0.01293;0.03249;0.00090;0.00002;0.00016;16393.71473;0.69805; 
10;15;3;2048;0.00761;0.00092;0.00005;0.01295;0.03256;0.00090;0.00002;0.00016;16471.36118;0.69286; 
1;15;3;4096;0.01654;0.00135;0.00007;0.01294;0.05362;0.00091;0.00003;0.00017;16785.41139;1.04589; 
2;15;3;4096;0.01139;0.00097;0.00006;0.01293;0.05372;0.00091;0.00002;0.00017;16165.70843;1.02186; 
3;15;3;4096;0.01133;0.00093;0.00005;0.01293;0.05313;0.00091;0.00002;0.00017;16271.91028;1.00643; 
4;15;3;4096;0.00945;0.00083;0.00004;0.01293;0.05351;0.00091;0.00002;0.00017;16848.98494;1.02087; 
5;15;3;4096;0.00964;0.00085;0.00005;0.01293;0.05357;0.00091;0.00002;0.00017;17037.21893;1.02526; 
6;15;3;4096;0.01123;0.00095;0.00005;0.01293;0.05312;0.00091;0.00002;0.00017;16579.77089;1.00877; 
7;15;3;4096;0.01139;0.00094;0.00005;0.01293;0.05372;0.00091;0.00002;0.00017;16465.21739;1.01936; 
8;15;3;4096;0.01086;0.00084;0.00004;0.01293;0.05352;0.00091;0.00002;0.00017;16482.96834;1.00302; 
9;15;3;4096;0.01166;0.00089;0.00005;0.01294;0.05316;0.00091;0.00002;0.00017;16289.62140;1.03455; 
10;15;3;4096;0.01100;0.00088;0.00005;0.01293;0.05354;0.00091;0.00002;0.00017;16095.28886;1.01503; 
1;15;3;8192;0.02440;0.00132;0.00007;0.01294;0.06954;0.00091;0.00003;0.00017;16634.70327;1.29678; 
2;15;3;8192;0.01630;0.00084;0.00005;0.01294;0.06948;0.00091;0.00003;0.00017;16216.17208;1.25252; 
3;15;3;8192;0.01889;0.00089;0.00005;0.01293;0.06958;0.00091;0.00002;0.00017;16125.28929;1.26638; 
4;15;3;8192;0.01894;0.00088;0.00007;0.01293;0.06936;0.00091;0.00002;0.00017;16622.76068;1.26500; 
5;15;3;8192;0.01632;0.00082;0.00005;0.01293;0.06943;0.00091;0.00003;0.00017;16162.98544;1.22376; 
6;15;3;8192;0.02191;0.00112;0.00006;0.01294;0.06946;0.00091;0.00002;0.00017;16546.83589;1.27906; 
7;15;3;8192;0.02418;0.00114;0.00006;0.01293;0.06951;0.00091;0.00002;0.00017;16014.50226;1.30567; 
8;15;3;8192;0.01895;0.00089;0.00005;0.01294;0.06938;0.00091;0.00002;0.00017;16690.68005;1.26466; 
9;15;3;8192;0.01900;0.00089;0.00005;0.01294;0.06947;0.00091;0.00002;0.00017;15933.08948;1.26640; 
10;15;3;8192;0.02721;0.00136;0.00007;0.01293;0.06960;0.00091;0.00003;0.00017;15992.62991;1.31128; 
1;15;4;1024;0.00708;0.00287;0.00005;0.02703;
2;15;4;1024;0.00712;0.00142;0.00005;0.02701;
3;15;4;1024;0.00792;0.00149;0.00005;0.02700;
4;15;4;1024;0.00576;0.00123;0.00004;0.02701;
5;15;4;1024;0.00828;0.00243;0.00008;0.02702;
6;15;4;1024;0.00521;0.00102;0.00004;0.02700;
7;15;4;1024;0.00711;0.00141;0.00005;0.02701;
8;15;4;1024;0.00657;0.00125;0.00004;0.02700;
9;15;4;1024;0.00712;0.00140;0.00005;0.02700;
10;15;4;1024;0.01156;0.00234;0.00008;0.02701;
1;15;4;2048;0.01026;0.00132;0.00005;0.02702;
2;15;4;2048;0.01112;0.00135;0.00006;0.02701;
3;15;4;2048;0.01131;0.00142;0.00006;0.02701;
4;15;4;2048;0.01564;0.00219;0.00007;0.02701;
5;15;4;2048;0.00912;0.00123;0.00005;0.02700;
6;15;4;2048;0.01378;0.00194;0.00008;0.02701;
7;15;4;2048;0.01127;0.00141;0.00005;0.02700;
8;15;4;2048;0.01143;0.00141;0.00005;0.02699;
9;15;4;2048;0.00789;0.00097;0.00004;0.02700;
10;15;4;2048;0.01115;0.00138;0.00005;0.02700;
1;15;4;4096;0.02211;0.00205;0.00008;0.02701;
2;15;4;4096;0.01702;0.00138;0.00005;0.02701;
3;15;4;4096;0.01914;0.00177;0.00006;0.02701;
4;15;4;4096;0.01652;0.00127;0.00005;0.02699;
5;15;4;4096;0.01720;0.00121;0.00005;0.02699;
6;15;4;4096;0.01201;0.00098;0.00004;0.02700;
7;15;4;4096;0.01678;0.00127;0.00005;0.02701;
8;15;4;4096;0.01229;0.00101;0.00004;0.02700;
9;15;4;4096;0.01406;0.00115;0.00004;0.02700;
10;15;4;4096;0.01675;0.00133;0.00005;0.02700;
1;15;4;8192;0.02773;0.00128;0.00005;0.02701;
2;15;4;8192;0.02790;0.00128;0.00005;0.02700;
3;15;4;8192;0.02350;0.00118;0.00005;0.02700;
4;15;4;8192;0.02850;0.00129;0.00005;0.02701;
5;15;4;8192;0.02803;0.00121;0.00005;0.02700;
6;15;4;8192;0.02772;0.00128;0.00005;0.02700;
7;15;4;8192;0.02890;0.00132;0.00005;0.02701;
8;15;4;8192;0.02780;0.00128;0.00005;0.02700;
9;15;4;8192;0.02598;0.00128;0.00005;0.02701;
10;15;4;8192;0.02767;0.00127;0.00005;0.02700;
1;15;5;1024;0.00628;0.01987;0.00007;0.01347;0.03434;0.00087;0.00002;0.00017;24981.82467;0.77029; 
2;15;5;1024;0.00651;0.00147;0.00007;0.01347;0.03427;0.00087;0.00002;0.00017;25281.77832;0.72923; 
3;15;5;1024;0.00514;0.00111;0.00006;0.01346;0.03437;0.00087;0.00002;0.00017;24951.00604;0.73292; 
4;15;5;1024;0.00549;0.00123;0.00006;0.01345;0.03434;0.00087;0.00002;0.00017;24887.66816;0.76498; 
5;15;5;1024;0.00472;0.00098;0.00005;0.01346;0.03425;0.00087;0.00002;0.00017;24481.03955;0.71909; 
6;15;5;1024;0.00492;0.00099;0.00005;0.01346;0.03427;0.00087;0.00002;0.00017;24833.68128;0.76583; 
7;15;5;1024;0.00468;0.00097;0.00005;0.01346;0.03421;0.00087;0.00002;0.00017;24847.31925;0.71838; 
8;15;5;1024;0.00489;0.00096;0.00005;0.01346;0.03430;0.00087;0.00002;0.00017;25295.00246;0.74960; 
9;15;5;1024;0.00644;0.00155;0.00007;0.01347;0.03432;0.00087;0.00002;0.00017;24640.96824;0.70055; 
10;15;5;1024;0.00590;0.00145;0.00007;0.01347;0.03444;0.00087;0.00002;0.00017;24637.27331;0.76761; 
1;15;5;2048;0.00584;0.00073;0.00004;0.01345;0.03357;0.00087;0.00002;0.00017;24444.44330;0.67224; 
2;15;5;2048;0.00644;0.00085;0.00004;0.01345;0.03358;0.00087;0.00002;0.00017;25361.84356;0.71293; 
3;15;5;2048;0.01204;0.00150;0.00007;0.01346;0.03364;0.00087;0.00003;0.00017;24429.92991;0.75564; 
4;15;5;2048;0.01116;0.00156;0.00007;0.01346;0.03362;0.00087;0.00002;0.00017;24896.50928;0.72957; 
5;15;5;2048;0.00777;0.00095;0.00005;0.01346;0.03353;0.00087;0.00002;0.00017;24902.76398;0.71469; 
6;15;5;2048;0.01062;0.00159;0.00007;0.01346;0.03380;0.00087;0.00002;0.00017;24907.36793;0.74631; 
7;15;5;2048;0.00666;0.00087;0.00004;0.01345;0.03359;0.00087;0.00002;0.00017;25086.92463;0.72400; 
8;15;5;2048;0.01191;0.00138;0.00007;0.01347;0.03354;0.00087;0.00003;0.00017;24940.18489;0.74525; 
9;15;5;2048;0.00652;0.00086;0.00004;0.01345;0.03356;0.00087;0.00002;0.00017;25261.20177;0.71510; 
10;15;5;2048;0.00777;0.00098;0.00005;0.01345;0.03365;0.00087;0.00002;0.00017;24962.09582;0.71370; 
1;15;5;4096;0.00974;0.00085;0.00005;0.01345;0.05510;0.00087;0.00003;0.00017;24869.32640;1.04036; 
2;15;5;4096;0.01596;0.00149;0.00007;0.01346;0.05535;0.00087;0.00002;0.00017;23782.58676;1.05463; 
3;15;5;4096;0.01212;0.00119;0.00006;0.01346;0.05507;0.00087;0.00002;0.00017;23894.75016;1.04752; 
4;15;5;4096;0.01131;0.00092;0.00005;0.01346;0.05490;0.00087;0.00002;0.00017;24669.97384;1.03840; 
5;15;5;4096;0.01139;0.00092;0.00005;0.01345;0.05494;0.00087;0.00002;0.00017;24534.26202;1.03745; 
6;15;5;4096;0.01153;0.00094;0.00005;0.01345;0.05492;0.00087;0.00002;0.00017;23960.08992;1.03735; 
7;15;5;4096;0.01146;0.00093;0.00005;0.01346;0.05522;0.00087;0.00002;0.00017;24632.20878;1.08608; 
8;15;5;4096;0.01161;0.00096;0.00005;0.01346;0.05497;0.00087;0.00002;0.00017;24283.59965;1.03889; 
9;15;5;4096;0.01053;0.00086;0.00004;0.01345;0.05495;0.00087;0.00002;0.00017;24755.35276;1.06242; 
10;15;5;4096;0.01477;0.00158;0.00008;0.01346;0.05517;0.00088;0.00002;0.00017;24540.39557;1.03241; 
1;15;5;8192;0.01938;0.00091;0.00005;0.01345;0.07179;0.00089;0.00002;0.00017;24550.99314;1.30143; 
2;15;5;8192;0.01905;0.00088;0.00005;0.01346;0.07194;0.00089;0.00002;0.00017;24588.19845;1.30415; 
3;15;5;8192;0.02469;0.00123;0.00006;0.01347;0.07201;0.00089;0.00003;0.00017;24545.39494;1.35153; 
4;15;5;8192;0.01545;0.00073;0.00004;0.01346;0.07175;0.00089;0.00002;0.00017;24318.75251;1.25823; 
5;15;5;8192;0.02264;0.00116;0.00006;0.01346;0.07190;0.00089;0.00002;0.00017;24652.19195;1.32543; 
6;15;5;8192;0.01920;0.00091;0.00005;0.01346;0.07184;0.00089;0.00002;0.00017;24489.12241;1.30462; 
7;15;5;8192;0.01568;0.00075;0.00004;0.01346;0.07184;0.00089;0.00002;0.00017;24360.02712;1.26471; 
8;15;5;8192;0.01917;0.00090;0.00005;0.01346;0.07187;0.00089;0.00002;0.00017;24404.66498;1.30169; 
9;15;5;8192;0.01922;0.00089;0.00005;0.01346;0.07184;0.00089;0.00002;0.00017;24883.11132;1.30175; 
10;15;5;8192;0.02429;0.00134;0.00006;0.01346;0.07191;0.00089;0.00002;0.00017;24447.48192;1.30559; 
1;15;6;1024;0.05637;0.04024;0.00007;0.45491;2.94584;0.00683;0.00006;0.00580;113258.76834;45.11773; 
2;15;6;1024;0.05661;0.01954;0.00007;0.45487;2.94722;0.00683;0.00006;0.00580;112191.78182;45.11547; 
3;15;6;1024;0.06838;0.02265;0.00007;0.45486;2.94047;0.00684;0.00007;0.00581;114004.89614;45.07416; 
4;15;6;1024;0.05639;0.01958;0.00006;0.45487;2.95339;0.00683;0.00006;0.00580;113093.56136;45.21060; 
5;15;6;1024;0.04646;0.01805;0.00006;0.45482;2.94940;0.00683;0.00005;0.00580;113725.08791;45.09676; 
6;15;6;1024;0.05657;0.01908;0.00007;0.45486;2.95144;0.00683;0.00006;0.00580;112362.37695;45.19290; 
7;15;6;1024;0.05259;0.02066;0.00007;0.45484;2.94713;0.00683;0.00005;0.00580;112949.43567;45.09790; 
8;15;6;1024;0.05502;0.01862;0.00006;0.45488;2.93594;0.00684;0.00006;0.00580;113947.42589;44.97041; 
9;15;6;1024;0.07572;0.02431;0.00008;0.45485;2.95672;0.00684;0.00007;0.00580;113322.30296;45.31341; 
10;15;6;1024;0.05845;0.01886;0.00007;0.45484;2.96139;0.00683;0.00006;0.00580;113551.86857;45.35271; 
1;15;6;2048;0.05768;0.01821;0.00006;0.45423;3.13578;0.00687;0.00009;0.00581;119479.46538;47.92386; 
2;15;6;2048;0.08456;0.02285;0.00007;0.45439;3.13645;0.00687;0.00008;0.00581;119223.28323;48.00622; 
3;15;6;2048;0.06506;0.01924;0.00007;0.45439;3.13930;0.00686;0.00006;0.00581;116497.01534;47.99092; 
4;15;6;2048;0.06221;0.01816;0.00006;0.45437;3.12993;0.00686;0.00007;0.00581;116982.29799;47.85155; 
5;15;6;2048;0.07479;0.02206;0.00008;0.45436;3.12825;0.00687;0.00010;0.00581;118922.26135;47.86100; 
6;15;6;2048;0.06142;0.01803;0.00006;0.45437;3.12592;0.00687;0.00008;0.00581;119358.53663;47.79116; 
7;15;6;2048;0.06702;0.01887;0.00007;0.45434;3.12421;0.00685;0.00006;0.00581;118716.29648;47.81109; 
8;15;6;2048;0.06679;0.01880;0.00006;0.45434;3.13751;0.00686;0.00006;0.00581;118533.07700;48.02400; 
9;15;6;2048;0.06107;0.01801;0.00006;0.45433;3.14202;0.00686;0.00006;0.00581;116940.66870;48.03114; 
10;15;6;2048;0.06685;0.01910;0.00006;0.45434;3.12950;0.00686;0.00007;0.00581;117045.64026;47.86275; 
1;15;6;4096;0.08720;0.01866;0.00006;0.45431;5.56003;0.00688;0.00010;0.00581;119379.14249;84.35912; 
2;15;6;4096;0.08659;0.02088;0.00007;0.45423;5.53174;0.00686;0.00007;0.00581;120093.55330;83.92938; 
3;15;6;4096;0.09703;0.02005;0.00007;0.45428;4.20483;0.00686;0.00006;0.00581;119697.68649;64.04409; 
4;15;6;4096;0.11487;0.02187;0.00007;0.45427;5.55603;0.00686;0.00007;0.00581;120700.87931;84.34509; 
5;15;6;4096;0.08626;0.02082;0.00007;0.45423;5.53508;0.00687;0.00008;0.00581;119038.32226;83.98538; 
6;15;6;4096;0.08731;0.01864;0.00006;0.45429;5.53257;0.00686;0.00007;0.00581;120657.39426;83.93966; 
7;15;6;4096;0.11271;0.02181;0.00007;0.45429;5.50149;0.00687;0.00008;0.00581;120618.89623;83.51041; 
8;15;6;4096;0.09273;0.02175;0.00009;0.45432;5.54209;0.00686;0.00006;0.00581;119080.25175;84.06988; 
9;15;6;4096;0.08092;0.01815;0.00006;0.45427;5.53114;0.00687;0.00008;0.00581;120827.87617;83.90133; 
10;15;6;4096;0.11007;0.02164;0.00007;0.45425;5.54361;0.00686;0.00007;0.00581;119831.18615;84.12983; 
1;15;6;8192;0.15285;0.01902;0.00007;0.45422;8.85408;0.00687;0.00009;0.00581;121290.13094;133.86035; 
2;15;6;8192;0.15789;0.01986;0.00006;0.45423;7.55383;0.00687;0.00007;0.00581;120375.95517;114.33951; 
3;15;6;8192;0.12767;0.01816;0.00006;0.45422;8.85445;0.00691;0.00015;0.00582;121596.88057;133.83372; 
4;15;6;8192;0.12722;0.01898;0.00007;0.45423;7.57742;0.00687;0.00008;0.00581;120392.10809;114.70252; 
5;15;6;8192;0.12742;0.01816;0.00006;0.45422;8.84787;0.00687;0.00008;0.00581;120053.37567;133.71829; 
6;15;6;8192;0.11983;0.01817;0.00006;0.45422;8.16663;0.00689;0.00014;0.00582;118491.13771;123.49669; 
7;15;6;8192;0.12675;0.01813;0.00006;0.45421;8.86671;0.00687;0.00008;0.00581;119820.06647;134.00217; 
8;15;6;8192;0.12792;0.01813;0.00006;0.45424;7.55809;0.00687;0.00006;0.00581;118904.61262;114.37541; 
9;15;6;8192;0.15381;0.01909;0.00007;0.45422;7.55349;0.00687;0.00009;0.00581;120716.58344;114.39422; 
10;15;6;8192;0.11926;0.01848;0.00006;0.45424;8.85787;0.00688;0.00010;0.00581;120891.74699;133.85876; 
1;15;7;1024;0.00774;0.01684;0.00008;0.03440;0.09894;0.00153;0.00002;0.00041;72485.39965;1.70365; 
2;15;7;1024;0.01068;0.00231;0.00007;0.03439;0.09917;0.00153;0.00002;0.00041;75042.49976;1.75290; 
3;15;7;1024;0.00937;0.00177;0.00005;0.03439;0.09924;0.00153;0.00002;0.00041;75016.69952;1.73601; 
4;15;7;1024;0.00944;0.00181;0.00005;0.03440;0.09896;0.00153;0.00002;0.00041;72283.55046;1.73136; 
5;15;7;1024;0.00881;0.00168;0.00005;0.03440;0.09921;0.00153;0.00002;0.00041;73444.22979;1.75634; 
6;15;7;1024;0.00927;0.00173;0.00005;0.03440;0.09898;0.00153;0.00002;0.00041;73733.68032;1.73184; 
7;15;7;1024;0.00930;0.00178;0.00005;0.03439;0.09917;0.00153;0.00002;0.00041;73453.54072;1.73167; 
8;15;7;1024;0.00872;0.00166;0.00005;0.03440;0.09925;0.00154;0.00003;0.00041;73851.94382;1.70599; 
9;15;7;1024;0.00770;0.00147;0.00004;0.03439;0.09905;0.00154;0.00003;0.00041;74323.21020;1.70932; 
10;15;7;1024;0.00921;0.00176;0.00005;0.03441;0.09898;0.00153;0.00002;0.00041;75179.05936;1.72770; 
1;15;7;2048;0.01191;0.00176;0.00005;0.03440;0.17313;0.00154;0.00003;0.00041;74680.56547;2.84430; 
2;15;7;2048;0.00952;0.00133;0.00004;0.03440;0.17291;0.00154;0.00003;0.00041;75960.35984;2.83068; 
3;15;7;2048;0.01297;0.00189;0.00005;0.03440;0.17294;0.00154;0.00003;0.00041;75397.81462;2.85136; 
4;15;7;2048;0.01201;0.00174;0.00005;0.03440;0.17293;0.00154;0.00003;0.00041;76124.18709;2.84748; 
5;15;7;2048;0.01275;0.00174;0.00005;0.03440;0.17289;0.00154;0.00003;0.00041;76127.37059;2.85170; 
6;15;7;2048;0.01511;0.00235;0.00007;0.03439;0.17265;0.00155;0.00004;0.00041;76296.49820;2.87889; 
7;15;7;2048;0.01643;0.00249;0.00007;0.03440;0.17282;0.00154;0.00003;0.00041;75615.21174;2.85553; 
8;15;7;2048;0.01061;0.00153;0.00004;0.03439;0.17282;0.00154;0.00003;0.00041;75605.38614;2.83118; 
9;15;7;2048;0.01739;0.00267;0.00009;0.03441;0.17278;0.00154;0.00004;0.00041;75288.76668;2.88976; 
10;15;7;2048;0.00890;0.00130;0.00004;0.03439;0.17270;0.00154;0.00003;0.00041;76017.87870;2.81551; 
1;15;7;4096;0.01427;0.00141;0.00004;0.03442;0.17283;0.00155;0.00003;0.00041;74575.79379;2.83332; 
2;15;7;4096;0.02305;0.00207;0.00006;0.03443;0.17310;0.00156;0.00004;0.00041;74063.54531;2.88610; 
3;15;7;4096;0.01393;0.00132;0.00004;0.03441;0.17274;0.00155;0.00003;0.00041;75571.14645;2.79831; 
4;15;7;4096;0.02111;0.00219;0.00006;0.03443;0.17277;0.00156;0.00004;0.00041;74757.13886;2.87795; 
5;15;7;4096;0.01805;0.00161;0.00005;0.03442;0.17277;0.00155;0.00003;0.00041;76055.51418;2.84946; 
6;15;7;4096;0.02646;0.00253;0.00007;0.03444;0.17288;0.00156;0.00004;0.00041;76082.24756;2.90872; 
7;15;7;4096;0.02496;0.00247;0.00007;0.03443;0.17291;0.00156;0.00004;0.00041;77272.95223;2.87414; 
8;15;7;4096;0.01843;0.00164;0.00005;0.03444;0.17276;0.00155;0.00003;0.00041;77063.36869;2.85009; 
9;15;7;4096;0.01815;0.00165;0.00005;0.03442;0.17266;0.00155;0.00003;0.00041;74198.80004;2.84859; 
10;15;7;4096;0.01831;0.00162;0.00005;0.03442;0.17285;0.00155;0.00003;0.00041;76923.28259;2.85137; 
1;15;7;8192;0.02642;0.00155;0.00005;0.03441;0.26323;0.00156;0.00003;0.00041;74485.17086;4.20812; 
2;15;7;8192;0.03112;0.00160;0.00005;0.03441;0.26308;0.00156;0.00003;0.00041;74953.77379;4.22172; 
3;15;7;8192;0.02650;0.00154;0.00005;0.03440;0.26318;0.00156;0.00003;0.00041;77014.43676;4.21171; 
4;15;7;8192;0.02696;0.00155;0.00005;0.03441;0.26298;0.00156;0.00003;0.00041;76659.51940;4.17852; 
5;15;7;8192;0.03679;0.00209;0.00006;0.03441;0.26295;0.00156;0.00004;0.00041;76645.42183;4.22532; 
6;15;7;8192;0.03468;0.00199;0.00006;0.03441;0.26327;0.00156;0.00004;0.00041;75274.77770;4.25554; 
7;15;7;8192;0.03900;0.00206;0.00006;0.03442;0.26329;0.00156;0.00004;0.00041;74505.62741;4.22071; 
8;15;7;8192;0.03088;0.00157;0.00005;0.03441;0.26299;0.00156;0.00003;0.00041;75551.03781;4.21936; 
9;15;7;8192;0.03356;0.00188;0.00006;0.03442;0.26342;0.00156;0.00004;0.00041;77023.65764;4.24530; 
10;15;7;8192;0.03319;0.00177;0.00005;0.03441;0.26323;0.00156;0.00003;0.00041;75110.51975;4.26997; 
1;15;8;1024;0.01580;0.04597;0.00008;0.06607;0.19038;0.00225;0.00004;0.00079;102412.19814;3.22134; 
2;15;8;1024;0.01086;0.00238;0.00004;0.06607;0.19110;0.00225;0.00002;0.00078;103111.60691;3.15822; 
3;15;8;1024;0.01519;0.00368;0.00006;0.06607;0.18917;0.00225;0.00004;0.00078;101777.09659;3.10477; 
4;15;8;1024;0.01334;0.00303;0.00005;0.06607;0.19164;0.00225;0.00004;0.00078;101055.56567;3.19946; 
5;15;8;1024;0.01120;0.00242;0.00004;0.06606;0.18956;0.00226;0.00005;0.00079;102379.57016;3.10830; 
6;15;8;1024;0.01060;0.00235;0.00004;0.06606;0.19217;0.00225;0.00003;0.00078;102961.76908;3.17034; 
7;15;8;1024;0.01064;0.00238;0.00004;0.06606;0.18972;0.00225;0.00002;0.00078;101482.33841;3.13267; 
8;15;8;1024;0.02087;0.00428;0.00007;0.06607;0.19136;0.00225;0.00004;0.00078;101944.29095;3.21714; 
9;15;8;1024;0.01445;0.00305;0.00005;0.06608;0.19246;0.00225;0.00003;0.00078;101787.65965;3.19013; 
10;15;8;1024;0.01413;0.00282;0.00005;0.06606;0.19174;0.00225;0.00003;0.00078;103353.97440;3.20186; 
1;15;8;2048;0.02603;0.00448;0.00007;0.06607;0.19265;0.00226;0.00004;0.00078;106167.71799;3.22200; 
2;15;8;2048;0.02562;0.00445;0.00007;0.06608;0.18979;0.00226;0.00004;0.00078;102740.19156;3.15545; 
3;15;8;2048;0.02671;0.00444;0.00007;0.06608;0.19330;0.00227;0.00004;0.00078;105114.66529;3.25457; 
4;15;8;2048;0.01797;0.00283;0.00005;0.06607;0.19288;0.00226;0.00003;0.00078;104084.83195;3.19751; 
5;15;8;2048;0.01892;0.00308;0.00005;0.06607;0.19020;0.00226;0.00003;0.00078;105459.83424;3.16314; 
6;15;8;2048;0.02159;0.00336;0.00006;0.06607;0.19068;0.00226;0.00004;0.00078;103475.86514;3.20243; 
7;15;8;2048;0.02192;0.00381;0.00006;0.06608;0.19220;0.00227;0.00004;0.00078;105311.39711;3.20536; 
8;15;8;2048;0.01963;0.00354;0.00006;0.06609;0.19308;0.00226;0.00004;0.00078;104451.20273;3.21588; 
9;15;8;2048;0.02596;0.00448;0.00007;0.06609;0.19192;0.00227;0.00004;0.00078;105121.22068;3.21343; 
10;15;8;2048;0.02593;0.00447;0.00007;0.06608;0.19144;0.00227;0.00004;0.00078;104556.98274;3.19671; 
1;15;8;4096;0.02602;0.00288;0.00005;0.06607;0.30888;0.00228;0.00003;0.00078;105497.57243;4.92346; 
2;15;8;4096;0.02619;0.00288;0.00005;0.06608;0.30866;0.00228;0.00004;0.00079;104938.39082;4.91392; 
3;15;8;4096;0.02885;0.00313;0.00005;0.06608;0.30686;0.00228;0.00003;0.00078;106448.12608;4.95773; 
4;15;8;4096;0.02488;0.00281;0.00005;0.06608;0.30684;0.00228;0.00003;0.00078;105912.04708;4.92019; 
5;15;8;4096;0.02673;0.00288;0.00006;0.06609;0.30739;0.00228;0.00003;0.00079;105793.34816;4.91424; 
6;15;8;4096;0.02216;0.00245;0.00005;0.06607;0.30845;0.00228;0.00004;0.00079;106045.72519;4.95025; 
7;15;8;4096;0.02383;0.00280;0.00005;0.06608;0.30651;0.00228;0.00003;0.00078;106222.10205;4.90966; 
8;15;8;4096;0.02164;0.00242;0.00004;0.06606;0.30696;0.00229;0.00005;0.00079;104833.53712;4.88186; 
9;15;8;4096;0.03840;0.00422;0.00008;0.06609;0.30667;0.00229;0.00004;0.00079;105658.65834;4.97336; 
10;15;8;4096;0.02678;0.00278;0.00005;0.06608;0.30772;0.00228;0.00003;0.00079;105225.00923;4.93786; 
1;15;8;8192;0.06041;0.00373;0.00006;0.06607;0.45994;0.00229;0.00004;0.00079;104900.78489;7.28947; 
2;15;8;8192;0.04441;0.00272;0.00005;0.06606;0.45414;0.00229;0.00004;0.00079;104389.90210;7.15473; 
3;15;8;8192;0.04429;0.00271;0.00005;0.06606;0.45043;0.00229;0.00004;0.00079;105808.42876;7.10096; 
4;15;8;8192;0.04213;0.00287;0.00006;0.06607;0.45124;0.00229;0.00004;0.00079;105365.33313;7.08956; 
5;15;8;8192;0.05627;0.00356;0.00006;0.06606;0.45112;0.00229;0.00004;0.00078;104315.55422;7.10942; 
6;15;8;8192;0.04428;0.00271;0.00005;0.06606;0.45018;0.00229;0.00004;0.00079;103741.79203;7.09629; 
7;15;8;8192;0.05681;0.00373;0.00006;0.06607;0.45388;0.00229;0.00004;0.00079;106583.11695;7.19917; 
8;15;8;8192;0.04453;0.00270;0.00005;0.06605;0.44947;0.00229;0.00004;0.00079;105269.27914;7.08658; 
9;15;8;8192;0.03658;0.00239;0.00005;0.06605;0.45349;0.00229;0.00004;0.00078;105125.57642;7.10532; 
10;15;8;8192;0.05307;0.00329;0.00006;0.06606;0.46142;0.00229;0.00005;0.00079;104825.54785;7.30366; 
1;15;9;1024;0.05006;0.04727;0.00009;0.41171;2.10375;0.00624;0.00008;0.00528;121921.24812;32.41854; 
2;15;9;1024;0.04873;0.01684;0.00006;0.41180;2.09438;0.00623;0.00005;0.00527;120775.17384;32.26849; 
3;15;9;1024;0.04855;0.01615;0.00006;0.41174;2.08833;0.00622;0.00005;0.00527;120441.90872;32.15875; 
4;15;9;1024;0.04955;0.01611;0.00007;0.41179;2.07846;0.00623;0.00005;0.00528;121113.53700;32.01186; 
5;15;9;1024;0.05198;0.01789;0.00008;0.41172;2.10755;0.00623;0.00007;0.00527;120442.13058;32.47770; 
6;15;9;1024;0.04540;0.01685;0.00006;0.41173;2.09714;0.00623;0.00005;0.00527;121472.51578;32.25115; 
7;15;9;1024;0.06613;0.02002;0.00007;0.41175;2.10704;0.00623;0.00006;0.00528;120823.32990;32.51077; 
8;15;9;1024;0.04842;0.01604;0.00006;0.41179;2.09686;0.00623;0.00006;0.00528;120449.91428;32.28725; 
9;15;9;1024;0.06146;0.01922;0.00009;0.41173;2.09837;0.00624;0.00008;0.00528;121163.65042;32.35739; 
10;15;9;1024;0.04199;0.01514;0.00006;0.41170;2.09650;0.00624;0.00009;0.00528;121471.79709;32.23678; 
1;15;9;2048;0.04898;0.01447;0.00006;0.41201;2.41923;0.00626;0.00006;0.00528;125592.79892;37.08518; 
2;15;9;2048;0.05957;0.01771;0.00007;0.41213;3.27709;0.00628;0.00010;0.00528;123946.11984;49.98432; 
3;15;9;2048;0.07465;0.01936;0.00007;0.41200;2.42135;0.00626;0.00004;0.00528;125929.17774;37.19801; 
4;15;9;2048;0.05970;0.01561;0.00006;0.41207;2.42558;0.00628;0.00011;0.00529;124770.29372;37.26817; 
5;15;9;2048;0.05185;0.01508;0.00006;0.41210;2.42973;0.00626;0.00006;0.00528;126070.07848;37.29218; 
6;15;9;2048;0.07075;0.01830;0.00007;0.41213;2.41040;0.00627;0.00007;0.00528;125036.17131;37.02950; 
7;15;9;2048;0.05893;0.01576;0.00006;0.41202;3.30325;0.00628;0.00010;0.00528;125708.40433;50.40138; 
8;15;9;2048;0.08023;0.02024;0.00007;0.41205;2.41475;0.00627;0.00007;0.00528;124890.76777;37.14473; 
9;15;9;2048;0.06062;0.01782;0.00007;0.41211;2.42036;0.00626;0.00006;0.00528;125815.88475;37.14563; 
10;15;9;2048;0.05829;0.01569;0.00006;0.41212;2.40775;0.00627;0.00006;0.00528;124510.37007;36.96594; 
1;15;9;4096;0.06775;0.01458;0.00006;0.41176;4.15898;0.00628;0.00009;0.00529;127186.98418;63.20911; 
2;15;9;4096;0.06922;0.01472;0.00006;0.41167;4.16323;0.00627;0.00007;0.00528;127872.42002;63.30313; 
3;15;9;4096;0.06746;0.01477;0.00006;0.41174;4.16841;0.00628;0.00008;0.00528;127721.41155;63.34984; 
4;15;9;4096;0.10077;0.01840;0.00007;0.41170;4.15051;0.00628;0.00010;0.00528;127645.78302;63.18148; 
5;15;9;4096;0.09721;0.01822;0.00007;0.41168;4.17665;0.00627;0.00007;0.00528;127071.46243;63.53291; 
6;15;9;4096;0.07738;0.01529;0.00006;0.41173;4.13950;0.00627;0.00006;0.00528;126109.70182;62.96519; 
7;15;9;4096;0.06815;0.01484;0.00006;0.41170;4.13807;0.00627;0.00007;0.00528;127321.97052;62.90830; 
8;15;9;4096;0.09169;0.02344;0.00009;0.41169;4.15912;0.00628;0.00007;0.00528;127153.68246;63.24771; 
9;15;9;4096;0.10080;0.01824;0.00007;0.41167;4.12454;0.00630;0.00014;0.00528;125305.97300;62.79619; 
10;15;9;4096;0.08331;0.02981;0.00010;0.41175;4.13999;0.00628;0.00008;0.00528;127358.12644;63.01934; 
1;15;9;8192;0.11417;0.01464;0.00006;0.41165;6.78021;0.00629;0.00007;0.00528;126601.95714;102.62824; 
2;15;9;8192;0.10412;0.01481;0.00006;0.41167;6.04852;0.00630;0.00008;0.00528;127587.14325;91.63405; 
3;15;9;8192;0.12728;0.01769;0.00007;0.41166;6.76254;0.00629;0.00008;0.00529;127677.02470;102.34912; 
4;15;9;8192;0.10166;0.01459;0.00006;0.41171;5.99593;0.00631;0.00012;0.00528;127558.59611;90.80411; 
5;15;9;8192;0.11133;0.01488;0.00007;0.41169;6.80740;0.00629;0.00007;0.00528;126815.04536;103.03439; 
6;15;9;8192;0.11444;0.01477;0.00006;0.41170;6.43179;0.00629;0.00007;0.00528;124020.93912;97.40045; 
7;15;9;8192;0.14139;0.01604;0.00006;0.41171;6.01561;0.00629;0.00008;0.00528;126542.17873;91.20471; 
8;15;9;8192;0.12686;0.01786;0.00007;0.41166;6.79354;0.00629;0.00007;0.00528;126074.94432;102.86380; 
9;15;9;8192;0.15798;0.02108;0.00007;0.41167;6.77489;0.00629;0.00007;0.00528;126966.33638;102.60488; 
10;15;9;8192;0.13547;0.01625;0.00006;0.41167;6.02185;0.00629;0.00008;0.00528;126987.80056;91.28432; 
1;15;10;1024;0.03976;0.04030;0.00009;0.34385;1.56780;0.00509;0.00005;0.00438;430738.75489;24.28007; 
2;15;10;1024;0.03837;0.01231;0.00006;0.34390;1.56700;0.00510;0.00007;0.00438;421672.40118;24.22439; 
3;15;10;1024;0.03817;0.01221;0.00006;0.34425;1.56870;0.00513;0.00014;0.00439;431068.02268;24.25209; 
4;15;10;1024;0.03117;0.01080;0.00006;0.34385;1.56631;0.00509;0.00005;0.00438;432081.98626;24.19580; 
5;15;10;1024;0.03808;0.01215;0.00006;0.34381;1.56471;0.00509;0.00005;0.00438;426413.38393;24.19017; 
6;15;10;1024;0.03833;0.01197;0.00006;0.34387;1.56351;0.00509;0.00005;0.00438;431836.24632;24.16728; 
7;15;10;1024;0.04800;0.01445;0.00007;0.34387;1.56552;0.00509;0.00006;0.00438;429915.29758;24.25918; 
8;15;10;1024;0.03480;0.01128;0.00006;0.34384;1.56310;0.00509;0.00005;0.00438;433980.94979;24.14348; 
9;15;10;1024;0.03125;0.01072;0.00006;0.34379;1.56939;0.00509;0.00005;0.00438;425748.66982;24.24232; 
10;15;10;1024;0.04236;0.01344;0.00007;0.34387;1.56227;0.00509;0.00004;0.00438;427281.25619;24.17782; 
1;15;10;2048;0.04687;0.01190;0.00006;0.34379;1.58978;0.00514;0.00005;0.00438;462158.71143;24.57526; 
2;15;10;2048;0.05041;0.01301;0.00006;0.34373;1.57739;0.00514;0.00005;0.00438;461552.56260;24.39807; 
3;15;10;2048;0.04664;0.01160;0.00006;0.34384;1.58446;0.00516;0.00010;0.00440;453688.21089;24.50387; 
4;15;10;2048;0.05743;0.01453;0.00008;0.34388;1.57791;0.00515;0.00010;0.00439;461370.78497;24.44650; 
5;15;10;2048;0.04270;0.01108;0.00006;0.34382;1.58429;0.00515;0.00007;0.00439;468116.03354;24.47437; 
6;15;10;2048;0.04199;0.01083;0.00006;0.34382;1.58469;0.00514;0.00005;0.00438;464445.32400;24.46850; 
7;15;10;2048;0.03997;0.01075;0.00006;0.34382;1.58469;0.00517;0.00011;0.00439;463918.36377;24.48553; 
8;15;10;2048;0.05233;0.01287;0.00006;0.34386;1.57633;0.00515;0.00006;0.00438;463438.06068;24.41528; 
9;15;10;2048;0.04836;0.01182;0.00006;0.34379;1.58183;0.00514;0.00005;0.00438;463765.80563;24.45963; 
10;15;10;2048;0.06084;0.01552;0.00007;0.34379;1.57647;0.00516;0.00009;0.00438;465613.63122;24.39258; 
1;15;10;4096;0.06459;0.01107;0.00006;0.34368;2.59000;0.00519;0.00006;0.00439;489660.50764;39.63227; 
2;15;10;4096;0.08231;0.01428;0.00007;0.34375;2.61161;0.00518;0.00006;0.00439;492995.85480;39.95325; 
3;15;10;4096;0.08652;0.01421;0.00007;0.34368;2.59694;0.00519;0.00007;0.00439;496277.94587;39.78008; 
4;15;10;4096;0.07463;0.01317;0.00007;0.34371;2.64072;0.00519;0.00006;0.00439;494667.43517;40.36614; 
5;15;10;4096;0.08405;0.01428;0.00007;0.34368;2.65375;0.00519;0.00007;0.00439;496389.09531;40.58964; 
6;15;10;4096;0.05930;0.01054;0.00006;0.34371;2.60622;0.00518;0.00006;0.00438;487132.03799;39.85106; 
7;15;10;4096;0.06649;0.01258;0.00006;0.34372;2.61872;0.00520;0.00008;0.00439;495284.34763;40.06278; 
8;15;10;4096;0.07949;0.01346;0.00007;0.34364;2.58347;0.00519;0.00007;0.00439;493455.54176;39.55615; 
9;15;10;4096;0.08489;0.01426;0.00007;0.34364;2.60739;0.00519;0.00009;0.00439;490796.05838;39.92174; 
10;15;10;4096;0.06399;0.01142;0.00006;0.34370;2.63718;0.00520;0.00006;0.00439;492729.49278;40.31217; 
1;15;10;8192;0.09607;0.01090;0.00006;0.34366;3.72301;0.00522;0.00009;0.00439;504574.41328;56.65073; 
2;15;10;8192;0.09644;0.01094;0.00006;0.34360;4.42517;0.00521;0.00007;0.00439;511813.11107;67.17897; 
3;15;10;8192;0.10230;0.01089;0.00006;0.34364;4.43089;0.00521;0.00007;0.00439;514887.12925;67.26884; 
4;15;10;8192;0.09696;0.01075;0.00006;0.34359;4.42845;0.00521;0.00007;0.00439;510918.19186;67.22258; 
5;15;10;8192;0.09601;0.01091;0.00006;0.34365;3.73413;0.00521;0.00007;0.00439;514462.19612;56.81013; 
6;15;10;8192;0.09656;0.01090;0.00006;0.34356;3.73988;0.00521;0.00007;0.00439;519028.23799;56.89545; 
7;15;10;8192;0.12243;0.01278;0.00006;0.34367;4.39844;0.00521;0.00007;0.00439;514505.58340;66.81347; 
8;15;10;8192;0.12025;0.01311;0.00007;0.34359;3.73445;0.00521;0.00007;0.00439;511485.66493;56.87037; 
9;15;10;8192;0.13291;0.01333;0.00007;0.34366;4.40632;0.00522;0.00008;0.00439;515006.17740;66.94170; 
10;15;10;8192;0.08902;0.01063;0.00005;0.34362;3.75105;0.00521;0.00007;0.00439;514698.02669;57.03842; 
1;15;11;1024;0.15701;0.09706;0.00011;0.85011;16.45346;0.01298;0.00008;0.01058;630667.67245;248.49134; 
2;15;11;1024;0.16373;0.08216;0.00011;0.85018;16.39119;0.01297;0.00008;0.01058;630516.69833;247.49286; 
3;15;11;1024;0.19075;0.07971;0.00011;0.85011;16.39622;0.01298;0.00010;0.01058;629916.74701;247.64470; 
4;15;11;1024;0.14971;0.06386;0.00010;0.85015;16.39227;0.01297;0.00006;0.01058;633306.10570;247.52281; 
5;15;11;1024;0.15033;0.06349;0.00010;0.85009;16.38009;0.01297;0.00008;0.01058;629109.22610;247.33758; 
6;15;11;1024;0.16148;0.07742;0.00011;0.85018;16.36493;0.01298;0.00009;0.01057;626967.27414;247.14704; 
7;15;11;1024;0.17829;0.06523;0.00010;0.85018;16.42815;0.01300;0.00011;0.01058;631414.24193;248.08688; 
8;15;11;1024;0.17329;0.06613;0.00011;0.84982;16.37628;0.01298;0.00009;0.01058;633015.74323;247.33473; 
9;15;11;1024;0.16743;0.09864;0.00011;0.85001;16.33778;0.01299;0.00010;0.01058;630918.35851;246.77919; 
10;15;11;1024;0.13945;0.06778;0.00010;0.85027;16.38670;0.01298;0.00008;0.01058;628740.01972;247.41535; 
1;15;11;2048;0.15694;0.06403;0.00010;0.85019;18.79756;0.01306;0.00011;0.01058;682628.94706;283.62524; 
2;15;11;2048;0.20291;0.06776;0.00010;0.85008;18.76358;0.01306;0.00009;0.01058;687596.05443;283.18565; 
3;15;11;2048;0.16699;0.06373;0.00010;0.85024;18.73557;0.01308;0.00014;0.01058;682385.48241;282.69188; 
4;15;11;2048;0.18848;0.07822;0.00011;0.85020;18.77467;0.01306;0.00010;0.01058;680803.27617;283.31848; 
5;15;11;2048;0.17630;0.08169;0.00011;0.85018;18.77806;0.01307;0.00012;0.01058;674202.40452;283.32007; 
6;15;11;2048;0.21090;0.08063;0.00011;0.85006;18.74292;0.01306;0.00009;0.01058;685431.71316;282.87450; 
7;15;11;2048;0.20301;0.08658;0.00011;0.85005;18.76375;0.01305;0.00009;0.01058;686653.30547;283.18378; 
8;15;11;2048;0.19011;0.08136;0.00011;0.85016;18.85046;0.01306;0.00010;0.01058;674292.09705;284.44990; 
9;15;11;2048;0.17610;0.08137;0.00011;0.85016;18.78465;0.01307;0.00013;0.01058;685341.28185;283.42063; 
10;15;11;2048;0.18938;0.06358;0.00011;0.85011;18.75380;0.01305;0.00009;0.01058;682453.89606;283.03380; 
1;15;11;4096;0.20584;0.06375;0.00010;0.85019;30.35089;0.01313;0.00011;0.01058;743543.83655;456.97843; 
2;15;11;4096;0.23931;0.08154;0.00011;0.85015;30.37746;0.01313;0.00012;0.01058;736479.07826;457.43230; 
3;15;11;4096;0.25756;0.08063;0.00011;0.85028;30.40103;0.01314;0.00014;0.01058;738610.20759;457.81624; 
4;15;11;4096;0.20377;0.06358;0.00010;0.85017;30.40425;0.01312;0.00011;0.01059;736647.97251;457.77324; 
5;15;11;4096;0.20465;0.06346;0.00010;0.85009;30.25207;0.01312;0.00010;0.01058;734514.71905;455.49288; 
6;15;11;4096;0.19058;0.06404;0.00010;0.85009;30.32475;0.01313;0.00012;0.01058;740626.94428;456.56616; 
7;15;11;4096;0.23127;0.06368;0.00010;0.85030;30.34778;0.01313;0.00014;0.01058;739170.61811;456.94142; 
8;15;11;4096;0.19899;0.06328;0.00010;0.85014;30.29661;0.01313;0.00011;0.01058;745498.32805;456.14010; 
9;15;11;4096;0.23820;0.06365;0.00010;0.85015;30.28369;0.01313;0.00012;0.01058;747351.83209;456.01711; 
10;15;11;4096;0.20346;0.06770;0.00011;0.85008;30.27785;0.01312;0.00009;0.01058;742381.53058;455.90723; 
1;15;11;8192;0.32181;0.06763;0.00010;0.85030;44.22722;0.01326;0.00016;0.01059;784547.68087;665.41329; 
2;15;11;8192;0.27258;0.06383;0.00010;0.85014;46.97429;0.01325;0.00012;0.01058;788523.37239;706.41657; 
3;15;11;8192;0.29618;0.06419;0.00010;0.85027;46.86849;0.01325;0.00014;0.01058;790844.48212;704.86817; 
4;15;11;8192;0.32028;0.08165;0.00011;0.85012;46.91655;0.01325;0.00014;0.01058;786812.01167;705.61265; 
5;15;11;8192;0.29069;0.06385;0.00011;0.85024;47.08264;0.01326;0.00015;0.01058;787500.28009;708.09097; 
6;15;11;8192;0.27726;0.06349;0.00010;0.85020;46.96226;0.01326;0.00015;0.01059;787652.88000;706.26836; 
7;15;11;8192;0.26857;0.06692;0.00010;0.85024;47.02009;0.01326;0.00014;0.01058;789687.37535;707.11741; 
8;15;11;8192;0.26965;0.06751;0.00010;0.85022;47.00162;0.01323;0.00009;0.01058;791934.16353;706.82056; 
9;15;11;8192;0.33322;0.08153;0.00011;0.85026;46.98872;0.01324;0.00011;0.01058;783155.63069;706.71978; 
10;15;11;8192;0.26391;0.06359;0.00010;0.85024;46.95812;0.01326;0.00016;0.01058;778779.53760;706.15345; 
1;15;12;1024;0.02880;0.02924;0.00006;0.20694;0.77949;0.00413;0.00004;0.00264;18361.23743;12.23683; 
2;15;12;1024;0.02297;0.00663;0.00005;0.20697;0.78146;0.00413;0.00004;0.00264;18466.53461;12.20434; 
3;15;12;1024;0.02545;0.00742;0.00005;0.20703;0.78366;0.00413;0.00003;0.00264;18349.46368;12.28551; 
4;15;12;1024;0.03983;0.01099;0.00007;0.20708;0.78646;0.00414;0.00005;0.00264;18311.82652;12.35573; 
5;15;12;1024;0.02140;0.00643;0.00005;0.20703;0.78030;0.00413;0.00003;0.00264;18661.63178;12.20484; 
6;15;12;1024;0.02176;0.00646;0.00005;0.20693;0.78269;0.00413;0.00004;0.00264;18398.41503;12.24469; 
7;15;12;1024;0.02915;0.00777;0.00006;0.20694;0.78426;0.00413;0.00004;0.00264;18368.18318;12.28786; 
8;15;12;1024;0.02902;0.00794;0.00006;0.20692;0.78356;0.00413;0.00004;0.00264;18412.16352;12.27975; 
9;15;12;1024;0.02199;0.00658;0.00005;0.20700;0.77762;0.00413;0.00003;0.00264;18298.46041;12.16689; 
10;15;12;1024;0.02416;0.00748;0.00006;0.20693;0.77976;0.00413;0.00004;0.00264;18211.90486;12.19148; 
1;15;12;2048;0.03685;0.00769;0.00006;0.20709;0.80461;0.00417;0.00008;0.00265;18390.74227;12.64280; 
2;15;12;2048;0.04057;0.00767;0.00006;0.20708;0.80570;0.00416;0.00004;0.00264;18389.89022;12.67752; 
3;15;12;2048;0.02815;0.00664;0.00005;0.20706;0.80521;0.00415;0.00004;0.00264;18367.33898;12.56664; 
4;15;12;2048;0.03570;0.00739;0.00005;0.20706;0.80549;0.00415;0.00004;0.00264;18384.07155;12.61550; 
5;15;12;2048;0.04844;0.01357;0.00009;0.20709;0.80378;0.00417;0.00007;0.00265;18209.31582;12.62730; 
6;15;12;2048;0.03530;0.00782;0.00007;0.20702;0.80763;0.00417;0.00007;0.00265;18333.34269;12.63483; 
7;15;12;2048;0.04069;0.00764;0.00005;0.20703;0.80470;0.00416;0.00005;0.00264;18358.77732;12.64835; 
8;15;12;2048;0.03671;0.00785;0.00006;0.20711;0.80353;0.00416;0.00004;0.00264;18274.73955;12.58857; 
9;15;12;2048;0.03664;0.00754;0.00006;0.20707;0.80388;0.00416;0.00004;0.00264;18012.21625;12.59289; 
10;15;12;2048;0.03635;0.00749;0.00005;0.20708;0.80807;0.00416;0.00004;0.00264;18005.75427;12.65778; 
1;15;12;4096;0.03963;0.00643;0.00005;0.20695;1.33200;0.00417;0.00005;0.00264;17978.44192;20.47732; 
2;15;12;4096;0.05215;0.00788;0.00006;0.20695;1.33138;0.00417;0.00005;0.00264;18361.81324;20.52553; 
3;15;12;4096;0.06274;0.00932;0.00006;0.20701;1.34312;0.00417;0.00006;0.00264;18399.00724;20.72274; 
4;15;12;4096;0.03925;0.00635;0.00005;0.20694;1.32128;0.00416;0.00005;0.00264;18340.13748;20.31160; 
5;15;12;4096;0.05544;0.00783;0.00007;0.20694;1.32862;0.00417;0.00005;0.00264;18279.81525;20.49679; 
6;15;12;4096;0.05046;0.00764;0.00006;0.20698;1.32830;0.00417;0.00005;0.00265;18271.07625;20.50414; 
7;15;12;4096;0.06027;0.00838;0.00006;0.20700;1.32416;0.00418;0.00007;0.00265;18288.59725;20.42126; 
8;15;12;4096;0.05312;0.00782;0.00006;0.20698;1.35059;0.00417;0.00005;0.00264;18254.37924;20.83599; 
9;15;12;4096;0.04163;0.00663;0.00005;0.20696;1.32508;0.00417;0.00005;0.00264;18203.29199;20.42085; 
10;15;12;4096;0.05236;0.00786;0.00006;0.20690;1.34131;0.00417;0.00005;0.00264;18365.05725;20.67349; 
1;15;12;8192;0.06453;0.00649;0.00005;0.20703;2.36320;0.00417;0.00006;0.00264;18133.90736;36.00280; 
2;15;12;8192;0.10438;0.00824;0.00006;0.20692;2.36119;0.00418;0.00006;0.00265;17917.21725;36.07850; 
3;15;12;8192;0.07927;0.00691;0.00005;0.20699;2.35765;0.00417;0.00006;0.00264;18105.33368;35.95951; 
4;15;12;8192;0.08398;0.00787;0.00006;0.20698;2.36156;0.00417;0.00006;0.00265;18049.33069;36.02161; 
5;15;12;8192;0.08177;0.00759;0.00006;0.20698;2.36643;0.00418;0.00006;0.00265;18239.59255;36.11920; 
6;15;12;8192;0.10291;0.00809;0.00006;0.20694;2.35110;0.00418;0.00007;0.00265;18201.41754;35.92814; 
7;15;12;8192;0.07954;0.00694;0.00005;0.20696;2.35883;0.00417;0.00006;0.00265;18223.34680;35.97409; 
8;15;12;8192;0.07975;0.00695;0.00005;0.20691;2.36789;0.00418;0.00007;0.00265;18091.13314;36.11139; 
9;15;12;8192;0.08422;0.00712;0.00005;0.20690;2.36197;0.00418;0.00007;0.00265;18308.39630;36.02573; 
10;15;12;8192;0.08305;0.00764;0.00006;0.20692;2.36119;0.00417;0.00005;0.00264;18216.79612;36.01243; 
