Runs; Iterations;Problem;ants;BestSequence;RouteDistance;Time;

1;15;1;1024;0;9999.99900;0.22786; 
2;15;1;1024;0;9999.99900;0.21049; 
3;15;1;1024;0;9999.99900;0.19281; 
4;15;1;1024;0;9999.99900;0.20849; 
5;15;1;1024;0;9999.99900;0.20846; 
6;15;1;1024;0;9999.99900;0.24328; 
7;15;1;1024;0;9999.99900;0.20791; 
8;15;1;1024;0;9999.99900;0.20728; 
9;15;1;1024;0;9999.99900;0.20711; 
10;15;1;1024;0;9999.99900;0.20808; 
11;15;1;1024;0;9999.99900;0.20707; 
12;15;1;1024;0;9999.99900;0.20774; 
13;15;1;1024;0;9999.99900;0.24114; 
14;15;1;1024;0;9999.99900;0.19766; 
15;15;1;1024;0;9999.99900;0.20746; 
16;15;1;1024;0;9999.99900;0.20840; 
17;15;1;1024;0;9999.99900;0.23621; 
18;15;1;1024;0;9999.99900;0.19535; 
19;15;1;1024;0;9999.99900;0.20835; 
20;15;1;1024;0;9999.99900;0.20638; 
21;15;1;1024;0;9999.99900;0.21175; 
22;15;1;1024;0;9999.99900;0.18337; 
23;15;1;1024;0;9999.99900;0.20500; 
24;15;1;1024;0;9999.99900;0.22730; 
25;15;1;1024;0;9999.99900;0.22450; 
26;15;1;1024;0;9999.99900;0.20776; 
27;15;1;1024;0;9999.99900;0.20816; 
28;15;1;1024;0;9999.99900;0.23767; 
29;15;1;1024;0;9999.99900;0.17181; 
30;15;1;1024;0;9999.99900;0.20795; 
1;15;1;2048;0;9999.99900;0.20054; 
2;15;1;2048;0;9999.99900;0.19951; 
3;15;1;2048;0;9999.99900;0.17462; 
4;15;1;2048;0;9999.99900;0.20398; 
5;15;1;2048;0;9999.99900;0.20622; 
6;15;1;2048;0;9999.99900;0.20486; 
7;15;1;2048;0;9999.99900;0.20543; 
8;15;1;2048;0;9999.99900;0.20530; 
9;15;1;2048;0;9999.99900;0.21204; 
10;15;1;2048;0;9999.99900;0.15735; 
11;15;1;2048;0;9999.99900;0.20553; 
12;15;1;2048;0;9999.99900;0.20516; 
13;15;1;2048;0;9999.99900;0.22857; 
14;15;1;2048;0;9999.99900;0.21722; 
15;15;1;2048;0;9999.99900;0.20613; 
16;15;1;2048;0;9999.99900;0.20552; 
17;15;1;2048;0;9999.99900;0.20606; 
18;15;1;2048;0;9999.99900;0.16450; 
19;15;1;2048;0;9999.99900;0.19010; 
20;15;1;2048;0;9999.99900;0.19109; 
21;15;1;2048;0;9999.99900;0.20439; 
22;15;1;2048;0;9999.99900;0.20380; 
23;15;1;2048;0;9999.99900;0.20668; 
24;15;1;2048;0;9999.99900;0.24867; 
25;15;1;2048;0;9999.99900;0.15158; 
26;15;1;2048;0;9999.99900;0.20516; 
27;15;1;2048;0;9999.99900;0.20455; 
28;15;1;2048;0;9999.99900;0.25759; 
29;15;1;2048;0;9999.99900;0.19238; 
30;15;1;2048;0;9999.99900;0.20291; 
1;15;1;4096;0;9999.99900;0.20601; 
2;15;1;4096;0;9999.99900;0.19210; 
3;15;1;4096;0;9999.99900;0.20456; 
4;15;1;4096;0;9999.99900;0.20523; 
5;15;1;4096;0;9999.99900;0.21072; 
6;15;1;4096;0;9999.99900;0.22258; 
7;15;1;4096;0;9999.99900;0.20182; 
8;15;1;4096;0;9999.99900;0.20629; 
9;15;1;4096;0;9999.99900;0.20205; 
10;15;1;4096;0;9999.99900;0.16532; 
11;15;1;4096;0;9999.99900;0.16753; 
12;15;1;4096;0;9999.99900;0.20446; 
13;15;1;4096;0;9999.99900;0.19038; 
14;15;1;4096;0;9999.99900;0.16478; 
15;15;1;4096;0;9999.99900;0.20485; 
16;15;1;4096;0;9999.99900;0.20668; 
17;15;1;4096;0;9999.99900;0.25246; 
18;15;1;4096;0;9999.99900;0.24410; 
19;15;1;4096;0;9999.99900;0.20692; 
20;15;1;4096;0;9999.99900;0.20776; 
21;15;1;4096;0;9999.99900;0.22263; 
22;15;1;4096;0;9999.99900;0.21512; 
23;15;1;4096;0;9999.99900;0.20596; 
24;15;1;4096;0;9999.99900;0.19116; 
25;15;1;4096;0;9999.99900;0.18342; 
26;15;1;4096;0;9999.99900;0.20592; 
27;15;1;4096;0;9999.99900;0.20576; 
28;15;1;4096;0;9999.99900;0.24407; 
29;15;1;4096;0;9999.99900;0.19208; 
30;15;1;4096;0;9999.99900;0.20597; 
1;15;1;8192;0;9999.99900;0.20404; 
2;15;1;8192;0;9999.99900;0.23998; 
3;15;1;8192;0;9999.99900;0.22637; 
4;15;1;8192;0;9999.99900;0.18224; 
5;15;1;8192;0;9999.99900;0.19859; 
6;15;1;8192;0;9999.99900;0.21925; 
7;15;1;8192;0;9999.99900;0.22230; 
8;15;1;8192;0;9999.99900;0.23782; 
9;15;1;8192;0;9999.99900;0.17950; 
10;15;1;8192;0;9999.99900;0.18064; 
11;15;1;8192;0;9999.99900;0.22165; 
12;15;1;8192;0;9999.99900;0.25679; 
13;15;1;8192;0;9999.99900;0.22120; 
14;15;1;8192;0;9999.99900;0.21964; 
15;15;1;8192;0;9999.99900;0.22216; 
16;15;1;8192;0;9999.99900;0.20468; 
17;15;1;8192;0;9999.99900;0.22222; 
18;15;1;8192;0;9999.99900;0.22161; 
19;15;1;8192;0;9999.99900;0.22197; 
20;15;1;8192;0;9999.99900;0.24726; 
21;15;1;8192;0;9999.99900;0.18153; 
22;15;1;8192;0;9999.99900;0.22105; 
23;15;1;8192;0;9999.99900;0.19766; 
24;15;1;8192;0;9999.99900;0.20554; 
25;15;1;8192;0;9999.99900;0.22669; 
26;15;1;8192;0;9999.99900;0.22151; 
27;15;1;8192;0;9999.99900;0.20717; 
28;15;1;8192;0;9999.99900;0.17552; 
29;15;1;8192;0;9999.99900;0.21910; 
30;15;1;8192;0;9999.99900;0.22007; 
1;15;2;1024;
2;15;2;1024;
3;15;2;1024;
4;15;2;1024;
5;15;2;1024;
6;15;2;1024;
7;15;2;1024;
8;15;2;1024;
9;15;2;1024;
10;15;2;1024;
11;15;2;1024;
12;15;2;1024;
13;15;2;1024;
14;15;2;1024;
15;15;2;1024;
16;15;2;1024;
17;15;2;1024;
18;15;2;1024;
19;15;2;1024;
20;15;2;1024;
21;15;2;1024;
22;15;2;1024;
23;15;2;1024;
24;15;2;1024;
25;15;2;1024;
26;15;2;1024;
27;15;2;1024;
28;15;2;1024;
29;15;2;1024;
30;15;2;1024;
1;15;2;2048;
2;15;2;2048;
3;15;2;2048;
4;15;2;2048;
5;15;2;2048;
6;15;2;2048;
7;15;2;2048;
8;15;2;2048;
9;15;2;2048;
10;15;2;2048;
11;15;2;2048;
12;15;2;2048;
13;15;2;2048;
14;15;2;2048;
15;15;2;2048;
16;15;2;2048;
17;15;2;2048;
18;15;2;2048;
19;15;2;2048;
20;15;2;2048;
21;15;2;2048;
22;15;2;2048;
23;15;2;2048;
24;15;2;2048;
25;15;2;2048;
26;15;2;2048;
27;15;2;2048;
28;15;2;2048;
29;15;2;2048;
30;15;2;2048;
1;15;2;4096;
2;15;2;4096;
3;15;2;4096;
4;15;2;4096;
5;15;2;4096;
6;15;2;4096;
7;15;2;4096;
8;15;2;4096;
9;15;2;4096;
10;15;2;4096;
11;15;2;4096;
12;15;2;4096;
13;15;2;4096;
14;15;2;4096;
15;15;2;4096;
16;15;2;4096;
17;15;2;4096;
18;15;2;4096;
19;15;2;4096;
20;15;2;4096;
21;15;2;4096;
22;15;2;4096;
23;15;2;4096;
24;15;2;4096;
25;15;2;4096;
26;15;2;4096;
27;15;2;4096;
28;15;2;4096;
29;15;2;4096;
30;15;2;4096;
1;15;2;8192;
2;15;2;8192;
3;15;2;8192;
4;15;2;8192;
5;15;2;8192;
6;15;2;8192;
7;15;2;8192;
8;15;2;8192;
9;15;2;8192;
10;15;2;8192;
11;15;2;8192;
12;15;2;8192;
13;15;2;8192;
14;15;2;8192;
15;15;2;8192;
16;15;2;8192;
17;15;2;8192;
18;15;2;8192;
19;15;2;8192;
20;15;2;8192;
21;15;2;8192;
22;15;2;8192;
23;15;2;8192;
24;15;2;8192;
25;15;2;8192;
26;15;2;8192;
27;15;2;8192;
28;15;2;8192;
29;15;2;8192;
30;15;2;8192;
1;15;3;1024;0;9999.99900;0.72812; 
2;15;3;1024;0;9999.99900;0.68540; 
3;15;3;1024;0;9999.99900;0.68772; 
4;15;3;1024;0;9999.99900;0.71911; 
5;15;3;1024;0;9999.99900;0.68965; 
6;15;3;1024;0;9999.99900;0.71474; 
7;15;3;1024;0;9999.99900;0.69335; 
8;15;3;1024;0;9999.99900;0.73662; 
9;15;3;1024;0;9999.99900;0.69092; 
10;15;3;1024;0;9999.99900;0.69060; 
11;15;3;1024;0;9999.99900;0.68923; 
12;15;3;1024;0;9999.99900;0.70234; 
13;15;3;1024;0;9999.99900;0.69087; 
14;15;3;1024;0;9999.99900;0.69201; 
15;15;3;1024;0;9999.99900;0.69194; 
16;15;3;1024;0;9999.99900;0.71541; 
17;15;3;1024;0;9999.99900;0.69126; 
18;15;3;1024;0;9999.99900;0.67612; 
19;15;3;1024;0;9999.99900;0.69059; 
20;15;3;1024;0;9999.99900;0.70642; 
21;15;3;1024;0;9999.99900;0.69105; 
22;15;3;1024;0;9999.99900;0.73340; 
23;15;3;1024;0;9999.99900;0.69170; 
24;15;3;1024;0;9999.99900;0.67923; 
25;15;3;1024;0;9999.99900;0.68849; 
26;15;3;1024;0;9999.99900;0.72958; 
27;15;3;1024;0;9999.99900;0.69207; 
28;15;3;1024;0;9999.99900;0.69583; 
29;15;3;1024;0;9999.99900;0.69205; 
30;15;3;1024;0;9999.99900;0.70165; 
1;15;3;2048;0;9999.99900;0.70061; 
2;15;3;2048;0;9999.99900;0.68160; 
3;15;3;2048;0;9999.99900;0.68256; 
4;15;3;2048;0;9999.99900;0.72040; 
5;15;3;2048;0;9999.99900;0.69881; 
6;15;3;2048;0;9999.99900;0.67693; 
7;15;3;2048;0;9999.99900;0.66577; 
8;15;3;2048;0;9999.99900;0.68692; 
9;15;3;2048;0;9999.99900;0.73048; 
10;15;3;2048;0;9999.99900;0.69984; 
11;15;3;2048;0;9999.99900;0.69723; 
12;15;3;2048;0;9999.99900;0.69724; 
13;15;3;2048;0;9999.99900;0.69715; 
14;15;3;2048;0;9999.99900;0.67773; 
15;15;3;2048;0;9999.99900;0.68252; 
16;15;3;2048;0;9999.99900;0.68257; 
17;15;3;2048;0;9999.99900;0.69533; 
18;15;3;2048;0;9999.99900;0.66645; 
19;15;3;2048;0;9999.99900;0.68292; 
20;15;3;2048;0;9999.99900;0.70865; 
21;15;3;2048;0;9999.99900;0.69835; 
22;15;3;2048;0;9999.99900;0.69867; 
23;15;3;2048;0;9999.99900;0.69689; 
24;15;3;2048;0;9999.99900;0.70558; 
25;15;3;2048;0;9999.99900;0.69954; 
26;15;3;2048;0;9999.99900;0.69641; 
27;15;3;2048;0;9999.99900;0.69727; 
28;15;3;2048;0;9999.99900;0.71690; 
29;15;3;2048;0;9999.99900;0.69754; 
30;15;3;2048;0;9999.99900;0.72802; 
1;15;3;4096;0;9999.99900;1.00064; 
2;15;3;4096;0;9999.99900;1.04991; 
3;15;3;4096;0;9999.99900;0.97694; 
4;15;3;4096;0;9999.99900;1.01392; 
5;15;3;4096;0;9999.99900;1.01081; 
6;15;3;4096;0;9999.99900;1.02908; 
7;15;3;4096;0;9999.99900;1.01718; 
8;15;3;4096;0;9999.99900;1.01284; 
9;15;3;4096;0;9999.99900;1.03783; 
10;15;3;4096;0;9999.99900;1.02152; 
11;15;3;4096;0;9999.99900;1.02806; 
12;15;3;4096;0;9999.99900;0.99775; 
13;15;3;4096;0;9999.99900;1.01230; 
14;15;3;4096;0;9999.99900;0.99517; 
15;15;3;4096;0;9999.99900;1.04309; 
16;15;3;4096;0;9999.99900;1.01911; 
17;15;3;4096;0;9999.99900;1.05562; 
18;15;3;4096;0;9999.99900;1.03751; 
19;15;3;4096;0;9999.99900;1.01339; 
20;15;3;4096;0;9999.99900;1.00880; 
21;15;3;4096;0;9999.99900;1.01949; 
22;15;3;4096;0;9999.99900;1.01973; 
23;15;3;4096;0;9999.99900;1.04033; 
24;15;3;4096;0;9999.99900;1.01607; 
25;15;3;4096;0;9999.99900;1.01857; 
26;15;3;4096;0;9999.99900;1.01964; 
27;15;3;4096;0;9999.99900;0.99601; 
28;15;3;4096;0;9999.99900;1.02128; 
29;15;3;4096;0;9999.99900;1.01191; 
30;15;3;4096;0;9999.99900;1.02079; 
1;15;3;8192;0;9999.99900;1.26666; 
2;15;3;8192;0;9999.99900;1.25123; 
3;15;3;8192;0;9999.99900;1.23401; 
4;15;3;8192;0;9999.99900;1.25133; 
5;15;3;8192;0;9999.99900;1.29135; 
6;15;3;8192;0;9999.99900;1.26693; 
7;15;3;8192;0;9999.99900;1.26283; 
8;15;3;8192;0;9999.99900;1.24590; 
9;15;3;8192;0;9999.99900;1.25017; 
10;15;3;8192;0;9999.99900;1.26582; 
11;15;3;8192;0;9999.99900;1.26844; 
12;15;3;8192;0;9999.99900;1.29464; 
13;15;3;8192;0;9999.99900;1.30581; 
14;15;3;8192;0;9999.99900;1.24619; 
15;15;3;8192;0;9999.99900;1.26179; 
16;15;3;8192;0;9999.99900;1.26401; 
17;15;3;8192;0;9999.99900;1.31532; 
18;15;3;8192;0;9999.99900;1.22264; 
19;15;3;8192;0;9999.99900;1.26709; 
20;15;3;8192;0;9999.99900;1.26465; 
21;15;3;8192;0;9999.99900;1.26809; 
22;15;3;8192;0;9999.99900;1.26715; 
23;15;3;8192;0;9999.99900;1.24584; 
24;15;3;8192;0;9999.99900;1.24982; 
25;15;3;8192;0;9999.99900;1.26913; 
26;15;3;8192;0;9999.99900;1.26618; 
27;15;3;8192;0;9999.99900;1.26616; 
28;15;3;8192;0;9999.99900;1.31426; 
29;15;3;8192;0;9999.99900;1.25288; 
30;15;3;8192;0;9999.99900;1.26784; 
1;15;4;1024;
2;15;4;1024;
3;15;4;1024;
4;15;4;1024;
5;15;4;1024;
6;15;4;1024;
7;15;4;1024;
8;15;4;1024;
9;15;4;1024;
10;15;4;1024;
11;15;4;1024;
12;15;4;1024;
13;15;4;1024;
14;15;4;1024;
15;15;4;1024;
16;15;4;1024;
17;15;4;1024;
18;15;4;1024;
19;15;4;1024;
20;15;4;1024;
21;15;4;1024;
22;15;4;1024;
23;15;4;1024;
24;15;4;1024;
25;15;4;1024;
26;15;4;1024;
27;15;4;1024;
28;15;4;1024;
29;15;4;1024;
30;15;4;1024;
1;15;4;2048;
2;15;4;2048;
3;15;4;2048;
4;15;4;2048;
5;15;4;2048;
6;15;4;2048;
7;15;4;2048;
8;15;4;2048;
9;15;4;2048;
10;15;4;2048;
11;15;4;2048;
12;15;4;2048;
13;15;4;2048;
14;15;4;2048;
15;15;4;2048;
16;15;4;2048;
17;15;4;2048;
18;15;4;2048;
19;15;4;2048;
20;15;4;2048;
21;15;4;2048;
22;15;4;2048;
23;15;4;2048;
24;15;4;2048;
25;15;4;2048;
26;15;4;2048;
27;15;4;2048;
28;15;4;2048;
29;15;4;2048;
30;15;4;2048;
1;15;4;4096;
2;15;4;4096;
3;15;4;4096;
4;15;4;4096;
5;15;4;4096;
6;15;4;4096;
7;15;4;4096;
8;15;4;4096;
9;15;4;4096;
10;15;4;4096;
11;15;4;4096;
12;15;4;4096;
13;15;4;4096;
14;15;4;4096;
15;15;4;4096;
16;15;4;4096;
17;15;4;4096;
18;15;4;4096;
19;15;4;4096;
20;15;4;4096;
21;15;4;4096;
22;15;4;4096;
23;15;4;4096;
24;15;4;4096;
25;15;4;4096;
26;15;4;4096;
27;15;4;4096;
28;15;4;4096;
29;15;4;4096;
30;15;4;4096;
1;15;4;8192;
2;15;4;8192;
3;15;4;8192;
4;15;4;8192;
5;15;4;8192;
6;15;4;8192;
7;15;4;8192;
8;15;4;8192;
9;15;4;8192;
10;15;4;8192;
11;15;4;8192;
12;15;4;8192;
13;15;4;8192;
14;15;4;8192;
15;15;4;8192;
16;15;4;8192;
17;15;4;8192;
18;15;4;8192;
19;15;4;8192;
20;15;4;8192;
21;15;4;8192;
22;15;4;8192;
23;15;4;8192;
24;15;4;8192;
25;15;4;8192;
26;15;4;8192;
27;15;4;8192;
28;15;4;8192;
29;15;4;8192;
30;15;4;8192;
1;15;5;1024;0;9999.99900;0.73874; 
2;15;5;1024;0;9999.99900;0.71911; 
3;15;5;1024;0;9999.99900;0.72190; 
4;15;5;1024;0;9999.99900;0.72093; 
5;15;5;1024;0;9999.99900;0.71344; 
6;15;5;1024;0;9999.99900;0.73888; 
7;15;5;1024;0;9999.99900;0.74859; 
8;15;5;1024;0;9999.99900;0.72077; 
9;15;5;1024;0;9999.99900;0.73710; 
10;15;5;1024;0;9999.99900;0.72038; 
11;15;5;1024;0;9999.99900;0.75836; 
12;15;5;1024;0;9999.99900;0.72173; 
13;15;5;1024;0;9999.99900;0.70742; 
14;15;5;1024;0;9999.99900;0.72034; 
15;15;5;1024;0;9999.99900;0.73080; 
16;15;5;1024;0;9999.99900;0.72112; 
17;15;5;1024;0;9999.99900;0.74698; 
18;15;5;1024;0;9999.99900;0.72055; 
19;15;5;1024;0;9999.99900;0.69931; 
20;15;5;1024;0;9999.99900;0.74819; 
21;15;5;1024;0;9999.99900;0.69962; 
22;15;5;1024;0;9999.99900;0.73447; 
23;15;5;1024;0;9999.99900;0.69573; 
24;15;5;1024;0;9999.99900;0.69778; 
25;15;5;1024;0;9999.99900;0.70820; 
26;15;5;1024;0;9999.99900;0.76406; 
27;15;5;1024;0;9999.99900;0.72228; 
28;15;5;1024;0;9999.99900;0.74396; 
29;15;5;1024;0;9999.99900;0.72694; 
30;15;5;1024;0;9999.99900;0.75091; 
1;15;5;2048;0;9999.99900;0.71408; 
2;15;5;2048;0;9999.99900;0.71825; 
3;15;5;2048;0;9999.99900;0.71253; 
4;15;5;2048;0;9999.99900;0.69277; 
5;15;5;2048;0;9999.99900;0.71432; 
6;15;5;2048;0;9999.99900;0.71159; 
7;15;5;2048;0;9999.99900;0.71248; 
8;15;5;2048;0;9999.99900;0.72315; 
9;15;5;2048;0;9999.99900;0.75371; 
10;15;5;2048;0;9999.99900;0.70097; 
11;15;5;2048;0;9999.99900;0.68959; 
12;15;5;2048;0;9999.99900;0.71106; 
13;15;5;2048;0;9999.99900;0.71357; 
14;15;5;2048;0;9999.99900;0.72181; 
15;15;5;2048;0;9999.99900;0.70071; 
16;15;5;2048;0;9999.99900;0.69434; 
17;15;5;2048;0;9999.99900;0.73521; 
18;15;5;2048;0;9999.99900;0.67825; 
19;15;5;2048;0;9999.99900;0.70680; 
20;15;5;2048;0;9999.99900;0.71406; 
21;15;5;2048;0;9999.99900;0.74516; 
22;15;5;2048;0;9999.99900;0.71321; 
23;15;5;2048;0;9999.99900;0.69692; 
24;15;5;2048;0;9999.99900;0.71453; 
25;15;5;2048;0;9999.99900;0.69057; 
26;15;5;2048;0;9999.99900;0.71628; 
27;15;5;2048;0;9999.99900;0.69878; 
28;15;5;2048;0;9999.99900;0.71331; 
29;15;5;2048;0;9999.99900;0.68734; 
30;15;5;2048;0;9999.99900;0.71393; 
1;15;5;4096;0;9999.99900;1.05900; 
2;15;5;4096;0;9999.99900;1.06565; 
3;15;5;4096;0;9999.99900;1.04209; 
4;15;5;4096;0;9999.99900;1.04015; 
5;15;5;4096;0;9999.99900;1.06476; 
6;15;5;4096;0;9999.99900;1.03901; 
7;15;5;4096;0;9999.99900;1.01844; 
8;15;5;4096;0;9999.99900;1.03466; 
9;15;5;4096;0;9999.99900;1.03835; 
10;15;5;4096;0;9999.99900;1.00188; 
11;15;5;4096;0;9999.99900;1.01922; 
12;15;5;4096;0;9999.99900;1.03885; 
13;15;5;4096;0;9999.99900;1.03665; 
14;15;5;4096;0;9999.99900;1.08433; 
15;15;5;4096;0;9999.99900;1.02161; 
16;15;5;4096;0;9999.99900;1.05043; 
17;15;5;4096;0;9999.99900;1.02553; 
18;15;5;4096;0;9999.99900;1.04100; 
19;15;5;4096;0;9999.99900;1.03366; 
20;15;5;4096;0;9999.99900;1.01086; 
21;15;5;4096;0;9999.99900;1.03799; 
22;15;5;4096;0;9999.99900;1.05148; 
23;15;5;4096;0;9999.99900;1.01651; 
24;15;5;4096;0;9999.99900;1.01659; 
25;15;5;4096;0;9999.99900;1.02542; 
26;15;5;4096;0;9999.99900;1.05221; 
27;15;5;4096;0;9999.99900;1.03871; 
28;15;5;4096;0;9999.99900;1.02510; 
29;15;5;4096;0;9999.99900;1.07286; 
30;15;5;4096;0;9999.99900;1.03733; 
1;15;5;8192;0;9999.99900;1.29491; 
2;15;5;8192;0;9999.99900;1.27616; 
3;15;5;8192;0;9999.99900;1.30045; 
4;15;5;8192;0;9999.99900;1.30524; 
5;15;5;8192;0;9999.99900;1.30376; 
6;15;5;8192;0;9999.99900;1.26447; 
7;15;5;8192;0;9999.99900;1.32265; 
8;15;5;8192;0;9999.99900;1.31533; 
9;15;5;8192;0;9999.99900;1.30327; 
10;15;5;8192;0;9999.99900;1.32304; 
11;15;5;8192;0;9999.99900;1.32507; 
12;15;5;8192;0;9999.99900;1.30509; 
13;15;5;8192;0;9999.99900;1.29467; 
14;15;5;8192;0;9999.99900;1.30345; 
15;15;5;8192;0;9999.99900;1.28261; 
16;15;5;8192;0;9999.99900;1.30008; 
17;15;5;8192;0;9999.99900;1.27088; 
18;15;5;8192;0;9999.99900;1.32652; 
19;15;5;8192;0;9999.99900;1.30424; 
20;15;5;8192;0;9999.99900;1.30307; 
21;15;5;8192;0;9999.99900;1.25946; 
22;15;5;8192;0;9999.99900;1.31002; 
23;15;5;8192;0;9999.99900;1.30221; 
24;15;5;8192;0;9999.99900;1.33257; 
25;15;5;8192;0;9999.99900;1.30640; 
26;15;5;8192;0;9999.99900;1.28894; 
27;15;5;8192;0;9999.99900;1.30378; 
28;15;5;8192;0;9999.99900;1.33035; 
29;15;5;8192;
30;15;5;8192;0;9999.99900;1.30398; 
1;15;6;1024;0;0.00000;45.01227; 
2;15;6;1024;0;0.00000;45.34109; 
3;15;6;1024;0;0.00000;45.18118; 
4;15;6;1024;0;0.00000;45.00732; 
5;15;6;1024;0;0.00000;45.00261; 
6;15;6;1024;0;0.00000;45.28659; 
7;15;6;1024;0;0.00000;45.20523; 
8;15;6;1024;0;0.00000;45.27589; 
9;15;6;1024;0;0.00000;45.08022; 
10;15;6;1024;0;0.00000;44.94387; 
11;15;6;1024;0;0.00000;45.28983; 
12;15;6;1024;0;0.00000;45.08950; 
13;15;6;1024;0;0.00000;45.18081; 
14;15;6;1024;0;0.00000;45.24650; 
15;15;6;1024;0;0.00000;45.18110; 
16;15;6;1024;0;0.00000;45.07207; 
17;15;6;1024;0;0.00000;45.01482; 
18;15;6;1024;0;0.00000;44.99892; 
19;15;6;1024;0;0.00000;45.25540; 
20;15;6;1024;0;0.00000;45.27295; 
21;15;6;1024;0;0.00000;45.20251; 
22;15;6;1024;0;0.00000;45.29603; 
23;15;6;1024;0;0.00000;44.86543; 
24;15;6;1024;0;0.00000;45.40496; 
25;15;6;1024;0;0.00000;44.90857; 
26;15;6;1024;0;0.00000;45.23875; 
27;15;6;1024;0;0.00000;45.12787; 
28;15;6;1024;0;0.00000;45.10471; 
29;15;6;1024;0;0.00000;45.28779; 
30;15;6;1024;0;0.00000;45.09341; 
1;15;6;2048;0;0.00000;47.96460; 
2;15;6;2048;0;0.00000;47.86409; 
3;15;6;2048;0;0.00000;47.89580; 
4;15;6;2048;0;0.00000;47.97821; 
5;15;6;2048;0;0.00000;48.06471; 
6;15;6;2048;0;0.00000;47.86655; 
7;15;6;2048;0;0.00000;48.04151; 
8;15;6;2048;0;0.00000;47.81332; 
9;15;6;2048;0;0.00000;47.78651; 
10;15;6;2048;0;0.00000;47.84239; 
11;15;6;2048;0;0.00000;48.02194; 
12;15;6;2048;0;0.00000;47.72069; 
13;15;6;2048;0;0.00000;47.98328; 
14;15;6;2048;0;0.00000;47.97105; 
15;15;6;2048;0;0.00000;48.00529; 
16;15;6;2048;0;0.00000;47.91051; 
17;15;6;2048;0;0.00000;47.72862; 
18;15;6;2048;0;0.00000;47.88503; 
19;15;6;2048;0;0.00000;47.91636; 
20;15;6;2048;0;0.00000;47.90935; 
21;15;6;2048;0;0.00000;48.07976; 
22;15;6;2048;0;0.00000;47.64663; 
23;15;6;2048;0;0.00000;47.94812; 
24;15;6;2048;0;0.00000;47.97043; 
25;15;6;2048;0;0.00000;47.74928; 
26;15;6;2048;0;0.00000;47.90207; 
27;15;6;2048;0;0.00000;47.70966; 
28;15;6;2048;0;0.00000;48.04571; 
29;15;6;2048;0;0.00000;47.97951; 
30;15;6;2048;0;0.00000;48.02575; 
1;15;6;4096;0;0.00000;83.86256; 
2;15;6;4096;0;0.00000;83.89350; 
3;15;6;4096;0;0.00000;83.76744; 
4;15;6;4096;0;0.00000;83.94641; 
5;15;6;4096;0;0.00000;84.05104; 
6;15;6;4096;0;0.00000;84.12642; 
7;15;6;4096;0;0.00000;83.78723; 
8;15;6;4096;0;0.00000;83.13669; 
9;15;6;4096;0;0.00000;83.98401; 
10;15;6;4096;0;0.00000;84.07821; 
11;15;6;4096;0;0.00000;84.00832; 
12;15;6;4096;0;0.00000;84.20296; 
13;15;6;4096;0;0.00000;83.93506; 
14;15;6;4096;0;0.00000;84.37956; 
15;15;6;4096;0;0.00000;83.83848; 
16;15;6;4096;0;0.00000;84.20163; 
17;15;6;4096;0;0.00000;84.41123; 
18;15;6;4096;0;0.00000;84.11020; 
19;15;6;4096;0;0.00000;83.87997; 
20;15;6;4096;0;0.00000;83.43958; 
21;15;6;4096;0;0.00000;83.79985; 
22;15;6;4096;0;0.00000;83.65796; 
23;15;6;4096;0;0.00000;83.78598; 
24;15;6;4096;0;0.00000;83.93806; 
25;15;6;4096;0;0.00000;83.25465; 
26;15;6;4096;0;0.00000;83.92688; 
27;15;6;4096;0;0.00000;84.27822; 
28;15;6;4096;0;0.00000;83.65369; 
29;15;6;4096;0;0.00000;83.53110; 
30;15;6;4096;0;0.00000;83.51216; 
1;15;6;8192;0;0.00000;133.77210; 
2;15;6;8192;0;0.00000;133.63819; 
3;15;6;8192;0;0.00000;124.89644; 
4;15;6;8192;0;0.00000;133.64796; 
5;15;6;8192;0;0.00000;133.29977; 
6;15;6;8192;0;0.00000;133.59324; 
7;15;6;8192;0;0.00000;114.83941; 
8;15;6;8192;0;0.00000;133.70065; 
9;15;6;8192;0;0.00000;123.78085; 
10;15;6;8192;0;0.00000;133.64795; 
11;15;6;8192;0;0.00000;114.32523; 
12;15;6;8192;0;0.00000;114.44591; 
13;15;6;8192;0;0.00000;134.20181; 
14;15;6;8192;0;0.00000;114.61618; 
15;15;6;8192;0;0.00000;125.00763; 
16;15;6;8192;0;0.00000;114.28710; 
17;15;6;8192;0;0.00000;133.99326; 
18;15;6;8192;0;0.00000;133.89285; 
19;15;6;8192;0;0.00000;133.85232; 
20;15;6;8192;0;0.00000;123.47790; 
21;15;6;8192;0;0.00000;114.42808; 
22;15;6;8192;0;0.00000;133.55554; 
23;15;6;8192;0;0.00000;114.45653; 
24;15;6;8192;0;0.00000;133.43944; 
25;15;6;8192;0;0.00000;114.37825; 
26;15;6;8192;0;0.00000;134.12601; 
27;15;6;8192;0;0.00000;133.96638; 
28;15;6;8192;0;0.00000;114.17333; 
29;15;6;8192;0;0.00000;114.41511; 
30;15;6;8192;0;0.00000;123.60602; 
1;15;7;1024;0;9999.99900;1.72274; 
2;15;7;1024;0;9999.99900;1.71937; 
3;15;7;1024;0;9999.99900;1.71566; 
4;15;7;1024;0;9999.99900;1.74605; 
5;15;7;1024;0;9999.99900;1.73092; 
6;15;7;1024;0;9999.99900;1.73750; 
7;15;7;1024;0;9999.99900;1.73669; 
8;15;7;1024;0;9999.99900;1.72120; 
9;15;7;1024;0;9999.99900;1.71860; 
10;15;7;1024;0;9999.99900;1.70948; 
11;15;7;1024;0;9999.99900;1.76330; 
12;15;7;1024;0;9999.99900;1.73594; 
13;15;7;1024;0;9999.99900;1.74742; 
14;15;7;1024;0;9999.99900;1.74280; 
15;15;7;1024;0;9999.99900;1.71903; 
16;15;7;1024;0;9999.99900;1.72049; 
17;15;7;1024;0;9999.99900;1.73095; 
18;15;7;1024;0;9999.99900;1.78682; 
19;15;7;1024;0;9999.99900;1.72345; 
20;15;7;1024;0;9999.99900;1.79481; 
21;15;7;1024;0;9999.99900;1.73603; 
22;15;7;1024;0;9999.99900;1.75670; 
23;15;7;1024;0;9999.99900;1.75099; 
24;15;7;1024;0;9999.99900;1.72558; 
25;15;7;1024;0;9999.99900;1.72273; 
26;15;7;1024;0;9999.99900;1.74472; 
27;15;7;1024;0;9999.99900;1.71534; 
28;15;7;1024;0;9999.99900;1.72866; 
29;15;7;1024;0;9999.99900;1.73788; 
30;15;7;1024;0;9999.99900;1.69224; 
1;15;7;2048;0;9999.99900;2.85252; 
2;15;7;2048;0;9999.99900;2.89925; 
3;15;7;2048;0;9999.99900;2.85185; 
4;15;7;2048;0;9999.99900;2.85519; 
5;15;7;2048;0;9999.99900;2.88050; 
6;15;7;2048;0;9999.99900;2.83545; 
7;15;7;2048;0;9999.99900;2.87459; 
8;15;7;2048;0;9999.99900;2.85311; 
9;15;7;2048;0;9999.99900;2.84982; 
10;15;7;2048;0;9999.99900;2.85501; 
11;15;7;2048;0;9999.99900;2.89779; 
12;15;7;2048;0;9999.99900;2.79609; 
13;15;7;2048;0;9999.99900;2.87887; 
14;15;7;2048;0;9999.99900;2.85535; 
15;15;7;2048;0;9999.99900;2.88703; 
16;15;7;2048;0;9999.99900;2.85434; 
17;15;7;2048;0;9999.99900;2.85252; 
18;15;7;2048;0;9999.99900;2.84881; 
19;15;7;2048;0;9999.99900;2.85461; 
20;15;7;2048;0;9999.99900;2.85192; 
21;15;7;2048;0;9999.99900;2.87119; 
22;15;7;2048;0;9999.99900;2.85514; 
23;15;7;2048;0;9999.99900;2.87406; 
24;15;7;2048;0;9999.99900;2.85449; 
25;15;7;2048;0;9999.99900;2.85175; 
26;15;7;2048;0;9999.99900;2.86412; 
27;15;7;2048;0;9999.99900;2.85280; 
28;15;7;2048;0;9999.99900;2.83748; 
29;15;7;2048;0;9999.99900;2.85168; 
30;15;7;2048;0;9999.99900;2.81802; 
1;15;7;4096;0;9999.99900;2.86237; 
2;15;7;4096;0;9999.99900;2.84953; 
3;15;7;4096;0;9999.99900;2.84547; 
4;15;7;4096;0;9999.99900;2.87664; 
5;15;7;4096;0;9999.99900;2.86763; 
6;15;7;4096;0;9999.99900;2.86098; 
7;15;7;4096;0;9999.99900;2.89343; 
8;15;7;4096;0;9999.99900;2.86326; 
9;15;7;4096;0;9999.99900;2.86247; 
10;15;7;4096;0;9999.99900;2.91255; 
11;15;7;4096;0;9999.99900;2.86215; 
12;15;7;4096;0;9999.99900;2.86902; 
13;15;7;4096;0;9999.99900;2.86020; 
14;15;7;4096;0;9999.99900;2.86171; 
15;15;7;4096;0;9999.99900;2.88202; 
16;15;7;4096;0;9999.99900;2.84522; 
17;15;7;4096;0;9999.99900;2.87398; 
18;15;7;4096;0;9999.99900;2.85802; 
19;15;7;4096;0;9999.99900;2.85836; 
20;15;7;4096;0;9999.99900;2.83828; 
21;15;7;4096;0;9999.99900;2.86343; 
22;15;7;4096;0;9999.99900;2.85826; 
23;15;7;4096;0;9999.99900;2.88599; 
24;15;7;4096;0;9999.99900;2.84133; 
25;15;7;4096;0;9999.99900;2.84697; 
26;15;7;4096;0;9999.99900;2.86288; 
27;15;7;4096;0;9999.99900;2.84472; 
28;15;7;4096;0;9999.99900;2.82258; 
29;15;7;4096;0;9999.99900;2.88030; 
30;15;7;4096;0;9999.99900;2.82478; 
1;15;7;8192;0;9999.99900;4.26096; 
2;15;7;8192;0;9999.99900;4.25842; 
3;15;7;8192;0;9999.99900;4.22385; 
4;15;7;8192;0;9999.99900;4.21243; 
5;15;7;8192;0;9999.99900;4.23593; 
6;15;7;8192;0;9999.99900;4.23405; 
7;15;7;8192;0;9999.99900;4.26051; 
8;15;7;8192;0;9999.99900;4.22669; 
9;15;7;8192;0;9999.99900;4.23998; 
10;15;7;8192;0;9999.99900;4.23644; 
11;15;7;8192;0;9999.99900;4.27395; 
12;15;7;8192;0;9999.99900;4.24049; 
13;15;7;8192;0;9999.99900;4.20012; 
14;15;7;8192;0;9999.99900;4.25101; 
15;15;7;8192;0;9999.99900;4.19995; 
16;15;7;8192;0;9999.99900;4.21312; 
17;15;7;8192;0;9999.99900;4.23701; 
18;15;7;8192;0;9999.99900;4.23690; 
19;15;7;8192;0;9999.99900;4.21836; 
20;15;7;8192;0;9999.99900;4.23653; 
21;15;7;8192;0;9999.99900;4.22619; 
22;15;7;8192;0;9999.99900;4.26421; 
23;15;7;8192;0;9999.99900;4.28055; 
24;15;7;8192;0;9999.99900;4.24881; 
25;15;7;8192;0;9999.99900;4.23594; 
26;15;7;8192;0;9999.99900;4.18851; 
27;15;7;8192;0;9999.99900;4.17884; 
28;15;7;8192;0;9999.99900;4.24806; 
29;15;7;8192;0;9999.99900;4.24420; 
30;15;7;8192;0;9999.99900;4.23618; 
1;15;8;1024;0;9999.99900;3.19664; 
2;15;8;1024;0;9999.99900;3.21462; 
3;15;8;1024;0;9999.99900;3.15718; 
4;15;8;1024;0;9999.99900;3.21063; 
5;15;8;1024;0;9999.99900;3.19567; 
6;15;8;1024;0;9999.99900;3.21238; 
7;15;8;1024;0;9999.99900;3.21379; 
8;15;8;1024;0;9999.99900;3.17709; 
9;15;8;1024;0;9999.99900;3.17631; 
10;15;8;1024;0;9999.99900;3.20205; 
11;15;8;1024;0;9999.99900;3.20867; 
12;15;8;1024;0;9999.99900;3.17898; 
13;15;8;1024;0;9999.99900;3.18919; 
14;15;8;1024;0;9999.99900;3.16227; 
15;15;8;1024;0;9999.99900;3.16703; 
16;15;8;1024;0;9999.99900;3.15863; 
17;15;8;1024;0;9999.99900;3.15860; 
18;15;8;1024;0;9999.99900;3.24065; 
19;15;8;1024;0;9999.99900;3.21024; 
20;15;8;1024;0;9999.99900;3.20439; 
21;15;8;1024;0;9999.99900;3.17809; 
22;15;8;1024;0;9999.99900;3.18274; 
23;15;8;1024;0;9999.99900;3.18031; 
24;15;8;1024;0;9999.99900;3.11417; 
25;15;8;1024;0;9999.99900;3.15248; 
26;15;8;1024;0;9999.99900;3.20200; 
27;15;8;1024;0;9999.99900;3.16544; 
28;15;8;1024;0;9999.99900;3.18744; 
29;15;8;1024;0;9999.99900;3.23403; 
30;15;8;1024;0;9999.99900;3.21230; 
1;15;8;2048;0;9999.99900;3.21448; 
2;15;8;2048;0;9999.99900;3.19752; 
3;15;8;2048;0;9999.99900;3.26160; 
4;15;8;2048;0;9999.99900;3.19062; 
5;15;8;2048;0;9999.99900;3.19099; 
6;15;8;2048;0;9999.99900;3.20470; 
7;15;8;2048;0;9999.99900;3.22483; 
8;15;8;2048;0;9999.99900;3.23445; 
9;15;8;2048;0;9999.99900;3.23281; 
10;15;8;2048;0;9999.99900;3.16369; 
11;15;8;2048;0;9999.99900;3.26715; 
12;15;8;2048;0;9999.99900;3.14946; 
13;15;8;2048;0;9999.99900;3.23305; 
14;15;8;2048;0;9999.99900;3.16795; 
15;15;8;2048;0;9999.99900;3.21446; 
16;15;8;2048;0;9999.99900;3.20729; 
17;15;8;2048;0;9999.99900;3.23259; 
18;15;8;2048;0;9999.99900;3.20101; 
19;15;8;2048;0;9999.99900;3.20669; 
20;15;8;2048;0;9999.99900;3.16802; 
21;15;8;2048;0;9999.99900;3.16117; 
22;15;8;2048;0;9999.99900;3.20175; 
23;15;8;2048;0;9999.99900;3.18881; 
24;15;8;2048;0;9999.99900;3.21586; 
25;15;8;2048;0;9999.99900;3.21064; 
26;15;8;2048;0;9999.99900;3.19475; 
27;15;8;2048;0;9999.99900;3.24615; 
28;15;8;2048;0;9999.99900;3.25179; 
29;15;8;2048;0;9999.99900;3.18754; 
30;15;8;2048;0;9999.99900;3.18542; 
1;15;8;4096;0;9999.99900;4.96447; 
2;15;8;4096;0;9999.99900;4.94796; 
3;15;8;4096;0;9999.99900;4.95169; 
4;15;8;4096;0;9999.99900;4.97855; 
5;15;8;4096;0;9999.99900;4.91669; 
6;15;8;4096;0;9999.99900;4.95120; 
7;15;8;4096;0;9999.99900;4.95106; 
8;15;8;4096;0;9999.99900;4.92191; 
9;15;8;4096;0;9999.99900;4.93393; 
10;15;8;4096;0;9999.99900;4.97972; 
11;15;8;4096;0;9999.99900;4.92509; 
12;15;8;4096;0;9999.99900;4.98653; 
13;15;8;4096;0;9999.99900;4.95455; 
14;15;8;4096;0;9999.99900;4.94848; 
15;15;8;4096;0;9999.99900;4.96983; 
16;15;8;4096;0;9999.99900;4.92674; 
17;15;8;4096;0;9999.99900;4.96056; 
18;15;8;4096;0;9999.99900;4.94124; 
19;15;8;4096;0;9999.99900;5.00266; 
20;15;8;4096;0;9999.99900;4.94161; 
21;15;8;4096;0;9999.99900;4.94785; 
22;15;8;4096;0;9999.99900;4.89283; 
23;15;8;4096;0;9999.99900;4.93609; 
24;15;8;4096;0;9999.99900;4.91980; 
25;15;8;4096;0;9999.99900;4.90204; 
26;15;8;4096;0;9999.99900;4.92671; 
27;15;8;4096;0;9999.99900;4.96206; 
28;15;8;4096;0;9999.99900;4.94434; 
29;15;8;4096;0;9999.99900;4.95348; 
30;15;8;4096;0;9999.99900;4.88684; 
1;15;8;8192;0;9999.99900;7.14669; 
2;15;8;8192;0;9999.99900;7.10575; 
3;15;8;8192;0;9999.99900;7.10957; 
4;15;8;8192;0;9999.99900;7.14150; 
5;15;8;8192;0;9999.99900;7.10755; 
6;15;8;8192;0;9999.99900;7.22284; 
7;15;8;8192;0;9999.99900;7.09740; 
8;15;8;8192;0;9999.99900;7.14630; 
9;15;8;8192;0;9999.99900;7.11560; 
10;15;8;8192;0;9999.99900;7.32691; 
11;15;8;8192;0;9999.99900;7.08563; 
12;15;8;8192;0;9999.99900;7.13282; 
13;15;8;8192;0;9999.99900;7.12354; 
14;15;8;8192;0;9999.99900;7.09060; 
15;15;8;8192;0;9999.99900;7.07782; 
16;15;8;8192;0;9999.99900;7.19479; 
17;15;8;8192;0;9999.99900;7.16901; 
18;15;8;8192;0;9999.99900;7.19636; 
19;15;8;8192;0;9999.99900;7.15202; 
20;15;8;8192;0;9999.99900;7.27178; 
21;15;8;8192;0;9999.99900;7.15308; 
22;15;8;8192;0;9999.99900;7.07924; 
23;15;8;8192;0;9999.99900;7.09924; 
24;15;8;8192;0;9999.99900;7.08900; 
25;15;8;8192;0;9999.99900;7.19755; 
26;15;8;8192;0;9999.99900;7.20878; 
27;15;8;8192;0;9999.99900;7.26462; 
28;15;8;8192;0;9999.99900;7.31311; 
29;15;8;8192;0;9999.99900;7.06351; 
30;15;8;8192;0;9999.99900;7.79394; 
1;15;9;1024;0;0.00000;32.31057; 
2;15;9;1024;0;0.00000;32.32341; 
3;15;9;1024;0;0.00000;32.33269; 
4;15;9;1024;0;0.00000;32.46007; 
5;15;9;1024;0;0.00000;32.48031; 
6;15;9;1024;0;0.00000;32.20952; 
7;15;9;1024;0;0.00000;32.37586; 
8;15;9;1024;0;0.00000;32.35951; 
9;15;9;1024;0;0.00000;32.29288; 
10;15;9;1024;0;0.00000;32.24679; 
11;15;9;1024;0;0.00000;32.46757; 
12;15;9;1024;0;0.00000;32.41166; 
13;15;9;1024;0;0.00000;32.44392; 
14;15;9;1024;0;0.00000;32.21492; 
15;15;9;1024;0;0.00000;32.22652; 
16;15;9;1024;0;0.00000;32.25812; 
17;15;9;1024;0;0.00000;32.28985; 
18;15;9;1024;0;0.00000;32.41753; 
19;15;9;1024;0;0.00000;32.30696; 
20;15;9;1024;0;0.00000;32.26436; 
21;15;9;1024;0;0.00000;32.12647; 
22;15;9;1024;0;0.00000;32.38896; 
23;15;9;1024;0;0.00000;32.24513; 
24;15;9;1024;0;0.00000;32.46045; 
25;15;9;1024;0;0.00000;32.44035; 
26;15;9;1024;0;0.00000;32.24722; 
27;15;9;1024;0;0.00000;32.32628; 
28;15;9;1024;0;0.00000;32.24127; 
29;15;9;1024;0;0.00000;32.40451; 
30;15;9;1024;0;0.00000;32.25004; 
1;15;9;2048;0;0.00000;37.22013; 
2;15;9;2048;0;0.00000;37.19658; 
3;15;9;2048;0;0.00000;37.33255; 
4;15;9;2048;0;0.00000;37.06120; 
5;15;9;2048;0;0.00000;37.42386; 
6;15;9;2048;0;0.00000;37.17819; 
7;15;9;2048;0;0.00000;37.02228; 
8;15;9;2048;0;0.00000;37.00252; 
9;15;9;2048;0;0.00000;43.34970; 
10;15;9;2048;0;0.00000;37.27766; 
11;15;9;2048;0;0.00000;37.20888; 
12;15;9;2048;0;0.00000;37.21782; 
13;15;9;2048;0;0.00000;37.23346; 
14;15;9;2048;0;0.00000;37.32801; 
15;15;9;2048;0;0.00000;37.20325; 
16;15;9;2048;0;0.00000;37.17742; 
17;15;9;2048;0;0.00000;37.19879; 
18;15;9;2048;0;0.00000;37.16454; 
19;15;9;2048;0;0.00000;37.22062; 
20;15;9;2048;0;0.00000;37.32668; 
21;15;9;2048;0;0.00000;37.11998; 
22;15;9;2048;0;0.00000;37.14707; 
23;15;9;2048;0;0.00000;37.25296; 
24;15;9;2048;0;0.00000;37.32434; 
25;15;9;2048;0;0.00000;37.21878; 
26;15;9;2048;0;0.00000;37.07457; 
27;15;9;2048;0;0.00000;37.27562; 
28;15;9;2048;0;0.00000;37.10359; 
29;15;9;2048;0;0.00000;37.28200; 
30;15;9;2048;0;0.00000;37.08770; 
1;15;9;4096;0;0.00000;63.41946; 
2;15;9;4096;0;0.00000;62.66485; 
3;15;9;4096;0;0.00000;63.51101; 
4;15;9;4096;0;0.00000;63.42467; 
5;15;9;4096;0;0.00000;63.16801; 
6;15;9;4096;0;0.00000;63.21643; 
7;15;9;4096;0;0.00000;63.00070; 
8;15;9;4096;0;0.00000;63.21777; 
9;15;9;4096;0;0.00000;63.78933; 
10;15;9;4096;0;0.00000;62.98722; 
11;15;9;4096;0;0.00000;63.54726; 
12;15;9;4096;0;0.00000;63.56050; 
13;15;9;4096;0;0.00000;63.26878; 
14;15;9;4096;0;0.00000;63.23523; 
15;15;9;4096;0;0.00000;63.24451; 
16;15;9;4096;0;0.00000;63.15476; 
17;15;9;4096;0;0.00000;63.01667; 
18;15;9;4096;0;0.00000;63.24430; 
19;15;9;4096;0;0.00000;62.99994; 
20;15;9;4096;0;0.00000;63.72332; 
21;15;9;4096;0;0.00000;63.08812; 
22;15;9;4096;0;0.00000;63.50288; 
23;15;9;4096;0;0.00000;62.82708; 
24;15;9;4096;0;0.00000;63.65732; 
25;15;9;4096;0;0.00000;63.23527; 
26;15;9;4096;0;0.00000;63.43235; 
27;15;9;4096;0;0.00000;63.48005; 
28;15;9;4096;0;0.00000;63.42939; 
29;15;9;4096;0;0.00000;63.10130; 
30;15;9;4096;0;0.00000;63.94067; 
1;15;9;8192;0;0.00000;96.42875; 
2;15;9;8192;0;0.00000;103.06373; 
3;15;9;8192;0;0.00000;102.93186; 
4;15;9;8192;0;0.00000;91.39289; 
5;15;9;8192;0;0.00000;90.57495; 
6;15;9;8192;0;0.00000;102.94211; 
7;15;9;8192;0;0.00000;91.52020; 
8;15;9;8192;0;0.00000;103.15665; 
9;15;9;8192;0;0.00000;102.07005; 
10;15;9;8192;0;0.00000;102.55935; 
11;15;9;8192;0;0.00000;96.22125; 
12;15;9;8192;0;0.00000;102.75082; 
13;15;9;8192;0;0.00000;90.60970; 
14;15;9;8192;0;0.00000;96.49046; 
15;15;9;8192;0;0.00000;97.73163; 
16;15;9;8192;0;0.00000;102.61694; 
17;15;9;8192;0;0.00000;101.69719; 
18;15;9;8192;0;0.00000;96.17077; 
19;15;9;8192;0;0.00000;91.28976; 
20;15;9;8192;0;0.00000;102.85726; 
21;15;9;8192;0;0.00000;90.66900; 
22;15;9;8192;0;0.00000;90.71022; 
23;15;9;8192;0;0.00000;96.52722; 
24;15;9;8192;0;0.00000;102.36540; 
25;15;9;8192;0;0.00000;102.77171; 
26;15;9;8192;0;0.00000;103.03700; 
27;15;9;8192;0;0.00000;90.89925; 
28;15;9;8192;0;0.00000;90.92208; 
29;15;9;8192;0;0.00000;90.86303; 
30;15;9;8192;0;0.00000;90.92524; 
1;15;10;1024;0;0.00000;24.30556; 
2;15;10;1024;0;0.00000;24.33687; 
3;15;10;1024;0;0.00000;24.32139; 
4;15;10;1024;0;0.00000;24.17950; 
5;15;10;1024;0;0.00000;24.31080; 
6;15;10;1024;0;0.00000;24.21935; 
7;15;10;1024;0;0.00000;24.36445; 
8;15;10;1024;0;0.00000;24.33154; 
9;15;10;1024;0;0.00000;24.29370; 
10;15;10;1024;0;0.00000;24.28247; 
11;15;10;1024;0;0.00000;24.38147; 
12;15;10;1024;0;0.00000;24.27899; 
13;15;10;1024;0;0.00000;24.33497; 
14;15;10;1024;0;0.00000;24.34612; 
15;15;10;1024;0;0.00000;24.28858; 
16;15;10;1024;0;0.00000;24.25110; 
17;15;10;1024;0;0.00000;24.34424; 
18;15;10;1024;0;0.00000;24.24320; 
19;15;10;1024;0;0.00000;24.08649; 
20;15;10;1024;0;0.00000;24.24546; 
21;15;10;1024;0;0.00000;24.31966; 
22;15;10;1024;0;0.00000;24.17313; 
23;15;10;1024;0;0.00000;24.25474; 
24;15;10;1024;0;0.00000;24.29152; 
25;15;10;1024;0;0.00000;24.34287; 
26;15;10;1024;0;0.00000;24.19673; 
27;15;10;1024;0;0.00000;24.29840; 
28;15;10;1024;0;0.00000;24.22151; 
29;15;10;1024;0;0.00000;24.38133; 
30;15;10;1024;0;0.00000;24.43581; 
1;15;10;2048;0;0.00000;24.56525; 
2;15;10;2048;0;0.00000;24.46230; 
3;15;10;2048;0;0.00000;24.64009; 
4;15;10;2048;0;0.00000;24.57829; 
5;15;10;2048;0;0.00000;24.49970; 
6;15;10;2048;0;0.00000;24.58316; 
7;15;10;2048;0;0.00000;24.35371; 
8;15;10;2048;0;0.00000;24.47157; 
9;15;10;2048;0;0.00000;24.56880; 
10;15;10;2048;0;0.00000;24.52954; 
11;15;10;2048;0;0.00000;33.86886; 
12;15;10;2048;0;0.00000;24.51330; 
13;15;10;2048;0;0.00000;34.15064; 
14;15;10;2048;0;0.00000;34.10720; 
15;15;10;2048;0;0.00000;24.60300; 
16;15;10;2048;0;0.00000;24.60232; 
17;15;10;2048;0;0.00000;24.46428; 
18;15;10;2048;0;0.00000;24.63880; 
19;15;10;2048;0;0.00000;24.49678; 
20;15;10;2048;0;0.00000;33.88042; 
21;15;10;2048;0;0.00000;24.48038; 
22;15;10;2048;0;0.00000;24.51173; 
23;15;10;2048;0;0.00000;24.55314; 
24;15;10;2048;0;0.00000;24.65308; 
25;15;10;2048;0;0.00000;24.58774; 
26;15;10;2048;0;0.00000;24.62012; 
27;15;10;2048;0;0.00000;24.49291; 
28;15;10;2048;0;0.00000;24.58624; 
29;15;10;2048;0;0.00000;24.41893; 
30;15;10;2048;0;0.00000;24.45602; 
1;15;10;4096;0;0.00000;40.12286; 
2;15;10;4096;0;0.00000;39.86699; 
3;15;10;4096;0;0.00000;40.09885; 
4;15;10;4096;0;0.00000;40.63984; 
5;15;10;4096;0;0.00000;39.81034; 
6;15;10;4096;0;0.00000;38.53591; 
7;15;10;4096;0;0.00000;40.12334; 
8;15;10;4096;0;0.00000;39.42765; 
9;15;10;4096;0;0.00000;39.76627; 
10;15;10;4096;0;0.00000;39.74359; 
11;15;10;4096;0;0.00000;41.15939; 
12;15;10;4096;0;0.00000;39.62016; 
13;15;10;4096;0;0.00000;40.43440; 
14;15;10;4096;0;0.00000;39.66736; 
15;15;10;4096;0;0.00000;40.59417; 
16;15;10;4096;0;0.00000;39.77148; 
17;15;10;4096;0;0.00000;40.50085; 
18;15;10;4096;0;0.00000;40.06750; 
19;15;10;4096;0;0.00000;40.22419; 
20;15;10;4096;0;0.00000;40.60520; 
21;15;10;4096;0;0.00000;40.22284; 
22;15;10;4096;0;0.00000;38.75096; 
23;15;10;4096;0;0.00000;40.19726; 
24;15;10;4096;0;0.00000;40.38368; 
25;15;10;4096;0;0.00000;39.52602; 
26;15;10;4096;0;0.00000;39.44317; 
27;15;10;4096;0;0.00000;40.60446; 
28;15;10;4096;0;0.00000;40.26690; 
29;15;10;4096;0;0.00000;40.31742; 
30;15;10;4096;0;0.00000;39.68964; 
1;15;10;8192;0;0.00000;57.12154; 
2;15;10;8192;0;0.00000;57.08862; 
3;15;10;8192;0;0.00000;57.18362; 
4;15;10;8192;0;0.00000;67.22851; 
5;15;10;8192;0;0.00000;67.28033; 
6;15;10;8192;0;0.00000;57.16035; 
7;15;10;8192;0;0.00000;67.27134; 
8;15;10;8192;0;0.00000;57.24617; 
9;15;10;8192;0;0.00000;57.08671; 
10;15;10;8192;0;0.00000;67.39872; 
11;15;10;8192;0;0.00000;67.41480; 
12;15;10;8192;0;0.00000;67.68189; 
13;15;10;8192;0;0.00000;67.34805; 
14;15;10;8192;0;0.00000;67.05317; 
15;15;10;8192;0;0.00000;56.66520; 
16;15;10;8192;0;0.00000;67.46937; 
17;15;10;8192;0;0.00000;67.40975; 
18;15;10;8192;0;0.00000;66.89385; 
19;15;10;8192;0;0.00000;67.36528; 
20;15;10;8192;0;0.00000;61.66139; 
21;15;10;8192;0;0.00000;56.53833; 
22;15;10;8192;0;0.00000;67.42375; 
23;15;10;8192;0;0.00000;61.82514; 
24;15;10;8192;0;0.00000;67.50127; 
25;15;10;8192;0;0.00000;56.73655; 
26;15;10;8192;0;0.00000;67.05727; 
27;15;10;8192;0;0.00000;56.60135; 
28;15;10;8192;0;0.00000;56.91411; 
29;15;10;8192;0;0.00000;56.93014; 
30;15;10;8192;0;0.00000;67.52942; 